$ 1 0.000005 34.14951009862697 36 5 50 5e-11
L 688 416 592 416 2 0 false 5 0
L 688 384 592 384 2 0 false 5 0
L 688 352 592 352 2 0 false 5 0
w 1088 224 1088 -48 0
w 1088 -48 448 -48 0
w 448 96 464 96 0
w 928 224 1088 224 0
w 1120 256 1120 -96 0
w 1120 -96 432 -96 0
w 432 128 464 128 0
w 928 256 1120 256 0
w 1152 288 1152 -144 0
w 1152 -144 400 -144 0
w 400 160 464 160 0
w 928 288 1152 288 0
w 1184 320 1184 -192 0
w 1184 -192 368 -192 0
w 368 192 464 192 0
w 1088 224 1280 224 0
w 1120 256 1280 256 0
w 1152 288 1280 288 0
R 1568 80 1488 80 0 2 100 5 0 0 0.5
w 688 96 752 96 0
w 752 96 768 96 0
w 688 128 768 128 0
w 688 160 768 160 0
w 688 192 768 192 0
w 688 336 688 256 0
w 688 256 768 256 0
w 688 336 688 352 0
w 688 384 704 384 0
w 704 384 704 288 0
w 704 288 768 288 0
w 688 416 736 416 0
w 736 416 736 320 0
w 736 320 768 320 0
w 528 448 528 304 0
w 528 304 384 304 0
w 400 96 448 96 0
w 400 128 432 128 0
L 768 352 768 432 2 1 false 5 0
w 384 304 -32 304 0
w -32 304 -32 144 0
I -32 144 -32 16 0 0.5 5
w 448 -48 304 -48 0
w 304 -48 304 -272 0
w 432 -96 432 -240 0
w 240 -112 272 -112 0
w 272 -112 272 96 0
w 272 96 400 96 0
w 240 -80 288 -80 0
w 288 -80 288 128 0
w 288 128 400 128 0
w 240 -48 256 -48 0
w 256 -48 256 160 0
w 256 160 400 160 0
w 240 -16 240 192 0
w 240 192 368 192 0
w 384 224 384 304 0
w 304 -272 -16 -272 0
w -16 -272 -16 -112 0
w -16 -112 16 -112 0
w 368 -192 368 -336 0
w 368 -336 -80 -336 0
w -80 -336 -80 -16 0
w -80 -16 16 -16 0
w 400 -144 -64 -144 0
w -64 -144 -64 -48 0
w -64 -48 16 -48 0
w 432 -240 -128 -240 0
w -128 -240 -128 -80 0
w -128 -80 16 -80 0
168 592 96 736 96 2 4 0 0 0 0
w 384 224 592 224 0
w 464 192 592 192 0
w 480 160 592 160 0
w 480 128 592 128 0
w 464 160 480 160 0
w 464 128 480 128 0
w 464 96 592 96 0
168 144 -112 288 -112 2 4 0 0 0 0
w 16 -112 128 -112 0
w 16 -80 144 -80 0
w 128 -112 144 -112 0
w 16 -48 144 -48 0
w 16 -16 144 -16 0
w -32 16 144 16 0
x 333 -437 921 -434 4 64 Compteur\sjusqu'à\s15
207 1280 224 1344 224 4 s3
207 1280 256 1344 256 4 s2
207 1280 288 1344 288 4 s1
. Demi_Add1 1 5 3 4 a 2 1 0 b 1 3 0 Res 3 3 1 Ret 4 1 1 XorGateElm\s1\s2\s3\rAndGateElm\s1\s2\s4 0\\s2\\s0\\s5\s0\\s2\\s0\\s5
. Add_1 1 5 3 5 a 1 0 0 b 2 2 0 R-1 4 4 0 Res 6 3 1 Ret 8 1 1 XorGateElm\s2\s1\s3\rAndGateElm\s4\s3\s5\rXorGateElm\s4\s3\s6\rAndGateElm\s1\s2\s7\rOrGateElm\s5\s7\s8 0\\s2\\s0\\s5\s0\\s2\\s0\\s5\s0\\s2\\s0\\s5\s0\\s2\\s0\\s5\s0\\s2\\s0\\s5
. add 1 4 9 13 a0 1 3 2 a1 5 2 2 a2 12 1 2 a3 19 0 2 b0 2 8 2 b1 6 7 2 b2 13 6 2 b3 20 5 2 of 22 1 3 s0 3 7 3 s1 7 6 3 s2 14 5 3 s3 21 4 3 CustomCompositeElm\s1\s2\s3\s4\rCustomCompositeElm\s5\s6\s4\s7\s8\rCustomCompositeElm\s12\s13\s8\s14\s15\rCustomCompositeElm\s19\s20\s15\s21\s22 1\\sDemi_Add1\\s0\\\\s2\\\\s0\\\\s5\\s0\\\\s2\\\\s0\\\\s5\s1\\sAdd_1\\s0\\\\s2\\\\s0\\\\s5\\s0\\\\s2\\\\s0\\\\s5\\s0\\\\s2\\\\s0\\\\s5\\s0\\\\s2\\\\s0\\\\s5\\s0\\\\s2\\\\s0\\\\s5\s1\\sAdd_1\\s0\\\\s2\\\\s0\\\\s5\\s0\\\\s2\\\\s0\\\\s5\\s0\\\\s2\\\\s0\\\\s5\\s0\\\\s2\\\\s0\\\\s5\\s0\\\\s2\\\\s0\\\\s5\s1\\sAdd_1\\s0\\\\s2\\\\s0\\\\s5\\s0\\\\s2\\\\s0\\\\s5\\s0\\\\s2\\\\s0\\\\s5\\s0\\\\s2\\\\s0\\\\s5\\s0\\\\s2\\\\s0\\\\s5
410 768 96 864 80 1 add 1\sDemi_Add1\s0\\s2\\s5\\s5\s0\\s2\\s0\\s5 1\sAdd_1\s0\\s2\\s0\\s5\s0\\s2\\s0\\s5\s0\\s2\\s0\\s5\s0\\s2\\s0\\s5\s0\\s2\\s0\\s5 1\sAdd_1\s0\\s2\\s0\\s5\s0\\s2\\s0\\s5\s0\\s2\\s0\\s5\s0\\s2\\s0\\s5\s0\\s2\\s0\\s5 1\sAdd_1\s0\\s2\\s0\\s5\s0\\s2\\s0\\s5\s0\\s2\\s0\\s5\s0\\s2\\s0\\s5\s0\\s2\\s0\\s5
207 1280 320 1344 320 4 s0
w 928 320 1184 320 0
w 1184 320 1280 320 0
207 528 448 448 448 4 e
x 330 442 400 445 4 24 Entrée
x 1272 182 1346 185 4 24 Sorties
419 1728 -16 1776 -16 0 4
b 1400 486 -175 -389 0
. compteur 1 4 4 5 e 17 3 2 s0 10 3 3 s1 8 2 3 s2 6 1 3 s3 4 0 3 LogicInputElm\s1\rLogicInputElm\s2\rLogicInputElm\s3\rLogicInputElm\s18\rInverterElm\s17\s19\rLatchElm\s11\s9\s7\s5\s16\s15\s14\s13\s17\rLatchElm\s10\s8\s6\s4\s11\s9\s7\s5\s19\rCustomCompositeElm\s16\s15\s14\s13\s18\s1\s2\s3\s20\s10\s8\s6\s4 2\\s0\\sfalse\\s5\\s0\s2\\s0\\sfalse\\s5\\s0\s2\\s0\\sfalse\\s5\\s0\s2\\s1\\sfalse\\s5\\s0\s0\\s0.5\\s5\s2\\s4\\s0\\s5\\s5\\s0\s2\\s4\\s5\\s5\\s5\\s0\s1\\sadd\\s1\\\\sDemi_Add1\\\\s0\\\\\\\\s2\\\\\\\\s0\\\\\\\\s5\\\\s0\\\\\\\\s2\\\\\\\\s0\\\\\\\\s5\\s1\\\\sAdd_1\\\\s0\\\\\\\\s2\\\\\\\\s0\\\\\\\\s5\\\\s0\\\\\\\\s2\\\\\\\\s0\\\\\\\\s5\\\\s0\\\\\\\\s2\\\\\\\\s0\\\\\\\\s5\\\\s0\\\\\\\\s2\\\\\\\\s0\\\\\\\\s5\\\\s0\\\\\\\\s2\\\\\\\\s0\\\\\\\\s5\\s1\\\\sAdd_1\\\\s0\\\\\\\\s2\\\\\\\\s0\\\\\\\\s5\\\\s0\\\\\\\\s2\\\\\\\\s0\\\\\\\\s5\\\\s0\\\\\\\\s2\\\\\\\\s0\\\\\\\\s5\\\\s0\\\\\\\\s2\\\\\\\\s0\\\\\\\\s5\\\\s0\\\\\\\\s2\\\\\\\\s0\\\\\\\\s5\\s1\\\\sAdd_1\\\\s0\\\\\\\\s2\\\\\\\\s0\\\\\\\\s5\\\\s0\\\\\\\\s2\\\\\\\\s0\\\\\\\\s5\\\\s0\\\\\\\\s2\\\\\\\\s0\\\\\\\\s5\\\\s0\\\\\\\\s2\\\\\\\\s0\\\\\\\\s5\\\\s0\\\\\\\\s2\\\\\\\\s0\\\\\\\\s5
410 1568 -16 1648 -32 1 compteur 2\s0\sfalse\s5\s0 2\s0\sfalse\s5\s0 2\s0\sfalse\s5\s0 2\s1\sfalse\s5\s0 0\s0.5\s5 2\s4\s0\s5\s5\s5 2\s4\s5\s5\s5\s5 1\sadd\s1\\sDemi_Add1\\s0\\\\s2\\\\s5\\\\s5\\s0\\\\s2\\\\s0\\\\s5\s1\\sAdd_1\\s0\\\\s2\\\\s5\\\\s5\\s0\\\\s2\\\\s0\\\\s5\\s0\\\\s2\\\\s5\\\\s5\\s0\\\\s2\\\\s0\\\\s5\\s0\\\\s2\\\\s0\\\\s5\s1\\sAdd_1\\s0\\\\s2\\\\s5\\\\s5\\s0\\\\s2\\\\s0\\\\s5\\s0\\\\s2\\\\s5\\\\s5\\s0\\\\s2\\\\s0\\\\s5\\s0\\\\s2\\\\s0\\\\s5\s1\\sAdd_1\\s0\\\\s2\\\\s5\\\\s5\\s0\\\\s2\\\\s0\\\\s5\\s0\\\\s2\\\\s5\\\\s5\\s0\\\\s2\\\\s0\\\\s5\\s0\\\\s2\\\\s0\\\\s5
o 21 64 0 4099 5 0.00009765625 0 2 21 3
