$ 1 0.000005 10.20027730826997 50 5 43 5e-11
r 96 16 96 80 0 330
r 176 16 176 80 0 10000
r 288 16 288 80 0 10000
r 368 16 368 80 0 330
c 96 80 176 80 4 0.000001 1.5995351754134257 0.001 0
c 288 80 368 80 4 0.000001 -4.332498326411418 0.001 0
w 176 80 272 192 0
w 272 192 288 192 0
w 288 80 192 192 0
w 192 192 176 192 0
w 176 192 144 192 0
t 288 192 368 192 0 1 -6.494066150157009 -1.494244481884453 100 default
t 144 192 96 192 0 1 0.5620326483321645 0.6673233418611372 100 default
w 96 80 96 176 0
w 368 176 368 80 0
w 368 80 400 80 0
w 368 208 368 272 0
w 368 272 192 272 0
w 192 272 96 272 0
g 96 272 96 320 0 0
w 96 272 96 208 0
w 96 272 0 272 0
w 0 272 0 192 0
v 0 192 0 144 0 0 40 5 0 0 0.5
w 0 144 0 16 0
w 0 16 96 16 0
w 96 16 176 16 0
w 176 16 288 16 0
w 288 16 368 16 0
x 174 -55 258 -52 4 24 Horloge
b -41 -19 464 347 0
207 400 80 448 80 4 s
. horloge 1 4 3 1 s 5 1 3 ResistorElm\s1\s2\rResistorElm\s1\s3\rResistorElm\s1\s4\rResistorElm\s1\s5\rCapacitorElm\s2\s3\rCapacitorElm\s4\s5\rTransistorElm\s3\s5\s0\rTransistorElm\s4\s2\s0\rVoltageElm\s0\s1 0\\s330\s0\\s10000\s0\\s10000\s0\\s330\s4\\s0.000001\\s0.6146841588557371\\s0.001\\s0\s4\\s0.000001\\s-4.3328025617303965\\s0.001\\s0\s0\\s1\\s-5.509570003413214\\s-0.5096007165418014\\s100\\sdefault\s0\\s1\\s0.5620832828270794\\s0.6671667251410152\\s100\\sdefault\s0\\s0\\s40\\s5\\s0\\s0\\s0.5
410 496 128 544 128 1 horloge 0\s330 0\s10000 0\s10000 0\s330 4\s0.000001\s4.332498324761789\s0.001\s0 4\s0.000001\s-1.5995543188769008\s0.001\s0 0\s1\s0.5620326476098132\s0.66732334321605\s100\sdefault 0\s1\s-6.494085291248503\s-1.4942636232706639\s100\sdefault 0\s0\s40\s5\s0\s0\s0.5
M 656 160 704 160 2 2.5
o 15 64 0 4099 10 0.003125 0 2 15 3
