$ 1 0.000005 10.20027730826997 50 5 43 5e-11
w -80 304 0 304 0
w -80 336 -32 336 0
w -32 336 96 336 0
154 96 320 272 320 0 2 0 5
w 96 304 0 304 0
w 272 320 336 320 0
w 32 448 112 448 0
w 112 448 112 384 0
w 112 384 208 384 0
w 208 384 336 384 0
w 336 384 336 352 0
w 336 352 368 352 0
w 336 320 368 320 0
150 368 336 464 336 0 2 0 5
w 464 336 512 336 0
w 32 448 32 512 0
w 32 512 304 512 0
w 272 320 272 480 0
w 272 480 304 480 0
154 304 496 480 496 0 2 0 5
w 480 496 640 496 0
w 0 304 0 240 0
w -32 336 -32 208 0
w -32 208 368 208 0
w 0 240 368 240 0
150 368 224 464 224 0 2 0 5
w 512 336 512 288 0
w 464 224 512 224 0
w 512 224 512 256 0
152 512 272 640 272 0 2 0 5
x 60 111 478 114 4 36 Additionneur\scomplet\s1-bit
x -292 419 -134 422 4 18 Précédente\sretenue
207 -80 304 -128 304 4 a
207 -80 336 -128 336 4 b
207 -80 448 -128 448 4 R-1
w -80 448 32 448 0
207 640 272 688 272 4 Ret
207 640 496 688 496 4 Res
x 699 467 765 470 4 18 Résultat
x 671 241 739 244 4 18 Retenue
x -221 277 -159 280 4 18 Entrées
. Add_1 1 5 3 5 a 1 0 0 b 2 2 0 R-1 4 4 0 Res 6 3 1 Ret 8 1 1 XorGateElm\s2\s1\s3\rAndGateElm\s4\s3\s5\rXorGateElm\s4\s3\s6\rAndGateElm\s1\s2\s7\rOrGateElm\s5\s7\s8 0\\s2\\s0\\s5\s0\\s2\\s0\\s5\s0\\s2\\s0\\s5\s0\\s2\\s0\\s5\s0\\s2\\s0\\s5
410 192 656 432 672 1 Add_1 0\s2\s0\s5 0\s2\s0\s5 0\s2\s0\s5 0\s2\s0\s5 0\s2\s0\s5
L 224 624 224 592 2 0 false 5 0
L 288 624 288 592 2 0 false 5 0
L 352 624 352 592 2 0 false 5 0
M 320 752 320 784 2 2.5
M 256 752 256 784 2 2.5
b -304 160 784 547 0
