$ 1 0.000005 10.20027730826997 50 5 43 5e-11
. Demi_Add1 1 5 3 4 a 4 1 0 b 3 3 0 Res 5 3 1 Ret 6 1 1 XorGateElm\s3\s4\s5\rAndGateElm\s3\s4\s6 0\\s2\\s0\\s5\s0\\s2\\s0\\s5
410 128 112 384 160 1 Demi_Add1 0\s2\s0\s5 0\s2\s0\s5
. Add_1 1 5 3 5 a 1 0 0 b 2 2 0 R-1 4 4 0 Res 6 3 1 Ret 8 1 1 XorGateElm\s2\s1\s3\rAndGateElm\s4\s3\s5\rXorGateElm\s4\s3\s6\rAndGateElm\s1\s2\s7\rOrGateElm\s5\s7\s8 0\\s2\\s0\\s5\s0\\s2\\s0\\s5\s0\\s2\\s0\\s5\s0\\s2\\s0\\s5\s0\\s2\\s0\\s5
410 -96 112 0 144 1 Add_1 0\s2\s0\s5 0\s2\s0\s5 0\s2\s0\s5 0\s2\s0\s5 0\s2\s0\s5
410 -320 112 -240 128 1 Add_1 0\s2\s0\s5 0\s2\s0\s5 0\s2\s0\s5 0\s2\s0\s5 0\s2\s0\s5
410 -544 112 -464 128 1 Add_1 0\s2\s0\s5 0\s2\s0\s5 0\s2\s0\s5 0\s2\s0\s5 0\s2\s0\s5
w 256 208 256 384 0
w 192 208 192 224 0
w 192 224 112 224 0
w 112 224 112 48 0
w 112 48 64 48 0
w 64 48 64 80 0
w -32 208 -32 224 0
w -32 224 -96 224 0
w -96 224 -112 224 0
w -112 224 -112 64 0
w -112 64 -160 64 0
w -160 64 -160 80 0
w 32 208 32 384 0
w -192 208 -192 384 0
w -416 208 -416 384 0
w -256 208 -256 224 0
w -256 224 -336 224 0
w -336 224 -336 64 0
w -336 64 -384 64 0
w -384 64 -384 80 0
w -480 208 -480 336 0
w -480 336 -592 336 0
w -592 336 -592 448 0
w -512 80 -512 -192 0
w -448 80 -448 -48 0
w -448 -48 0 -48 0
w 0 -48 0 -192 0
w -288 80 -288 -16 0
w -288 -16 -464 -16 0
w -464 -16 -464 -192 0
w -224 80 -224 -16 0
w -224 -16 48 -16 0
w 48 -16 48 -192 0
w -64 80 -64 16 0
w -64 16 -416 16 0
w -416 16 -416 -192 0
w 0 80 0 16 0
w 0 16 96 16 0
w 96 16 96 -192 0
w 192 80 192 -80 0
w 192 -80 -368 -80 0
w -368 -80 -368 -192 0
w 256 80 256 -112 0
w 256 -112 144 -112 0
w 144 -112 144 -192 0
w -416 384 -416 464 0
w -416 464 -288 464 0
w -288 464 -288 544 0
w -192 384 -192 416 0
w -192 416 -240 416 0
w -240 416 -240 544 0
w 32 384 -144 384 0
w -144 384 -144 464 0
w -144 464 -192 464 0
w -192 464 -192 544 0
w 256 384 96 384 0
w 96 384 96 432 0
w 96 432 -80 432 0
w -80 432 -80 496 0
w -80 496 -144 496 0
w -144 496 -144 544 0
x -330 -319 70 -316 4 48 Additionneur\s4-bits
x 400 -77 756 -74 4 24 Pour\sréaliser\sl'additionneur\s4-bits,
x 394 -42 841 -39 4 24 \sil\sfaut\sd'abord\sajouter\sles\ssous-circuits\sde\s
x 397 29 758 32 4 24 disponibles\sdans\sle\smême\sdossier
x 399 -6 911 -3 4 24 l'additionneur\s1-bit\set\sdu\sdemi\sadditionneur\s1-bit,
207 -144 544 -144 576 4 s0
207 -192 544 -192 576 4 s1
207 -240 544 -240 576 4 s2
207 -288 544 -288 576 4 s3
207 -592 448 -592 480 4 of
207 -368 -192 -368 -224 4 a0
207 -416 -192 -416 -224 4 a1
207 -464 -192 -464 -224 4 a2
207 -512 -192 -512 -224 4 a3
207 0 -192 0 -224 4 b3
207 48 -192 48 -224 4 b2
207 96 -192 96 -224 4 b1
207 144 -192 144 -224 4 b0
. add 1 4 9 13 a0 1 3 2 a1 5 2 2 a2 12 1 2 a3 19 0 2 b0 2 8 2 b1 6 7 2 b2 13 6 2 b3 20 5 2 of 22 1 3 s0 3 7 3 s1 7 6 3 s2 14 5 3 s3 21 4 3 CustomCompositeElm\s1\s2\s3\s4\rCustomCompositeElm\s5\s6\s4\s7\s8\rCustomCompositeElm\s12\s13\s8\s14\s15\rCustomCompositeElm\s19\s20\s15\s21\s22 1\\sDemi_Add1\\s0\\\\s2\\\\s0\\\\s5\\s0\\\\s2\\\\s0\\\\s5\s1\\sAdd_1\\s0\\\\s2\\\\s0\\\\s5\\s0\\\\s2\\\\s0\\\\s5\\s0\\\\s2\\\\s0\\\\s5\\s0\\\\s2\\\\s0\\\\s5\\s0\\\\s2\\\\s0\\\\s5\s1\\sAdd_1\\s0\\\\s2\\\\s0\\\\s5\\s0\\\\s2\\\\s0\\\\s5\\s0\\\\s2\\\\s0\\\\s5\\s0\\\\s2\\\\s0\\\\s5\\s0\\\\s2\\\\s0\\\\s5\s1\\sAdd_1\\s0\\\\s2\\\\s0\\\\s5\\s0\\\\s2\\\\s0\\\\s5\\s0\\\\s2\\\\s0\\\\s5\\s0\\\\s2\\\\s0\\\\s5\\s0\\\\s2\\\\s0\\\\s5
410 480 224 576 224 1 add 1\sDemi_Add1\s0\\s2\\s0\\s5\s0\\s2\\s0\\s5 1\sAdd_1\s0\\s2\\s0\\s5\s0\\s2\\s0\\s5\s0\\s2\\s0\\s5\s0\\s2\\s0\\s5\s0\\s2\\s0\\s5 1\sAdd_1\s0\\s2\\s0\\s5\s0\\s2\\s0\\s5\s0\\s2\\s0\\s5\s0\\s2\\s0\\s5\s0\\s2\\s0\\s5 1\sAdd_1\s0\\s2\\s5\\s5\s0\\s2\\s0\\s5\s0\\s2\\s5\\s5\s0\\s2\\s0\\s5\s0\\s2\\s0\\s5
L 480 224 400 224 2 1 false 5 0
L 480 256 400 256 2 0 false 5 0
L 480 288 400 288 2 0 false 5 0
L 480 320 400 320 2 0 false 5 0
L 480 384 400 384 2 0 false 5 0
L 480 416 400 416 2 0 false 5 0
L 480 448 400 448 2 0 false 5 0
L 480 480 400 480 2 0 false 5 0
M 640 352 720 352 2 2.5
M 640 384 720 384 2 2.5
M 640 256 720 256 2 2.5
M 640 416 720 416 2 2.5
M 640 448 720 448 2 2.5
b -640 -256 335 590 0
