$ 1 0.000005 10.20027730826997 50 5 43 5e-11
w 240 176 272 176 0
w 272 176 448 176 0
w 240 144 448 144 0
w 272 176 272 272 0
w 272 272 272 304 0
w 272 304 320 304 0
w 240 144 240 272 0
w 240 272 320 272 0
w 608 160 608 320 0
w 464 288 608 288 0
w 608 320 624 320 0
x 238 49 612 52 4 36 Demi-additionneur\s1-bit
154 448 160 608 160 0 2 0 5
150 320 288 464 288 0 2 0 5
x 68 162 130 165 4 18 Entrées
x 710 258 778 261 4 18 Retenue
x 709 366 775 369 4 18 Résultat
207 240 144 160 144 4 a
207 240 176 160 176 4 b
w 608 288 624 288 0
207 624 288 704 288 4 Ret
207 624 320 704 320 4 Res
. Demi_Add1 1 5 3 4 a 2 1 0 b 1 3 0 Res 3 3 1 Ret 4 1 1 XorGateElm\s1\s2\s3\rAndGateElm\s1\s2\s4 0\\s2\\s0\\s5\s0\\s2\\s0\\s5
410 352 496 512 496 1 Demi_Add1 0\s2\s0\s5 0\s2\s0\s5
L 416 464 416 432 2 0 false 5 0
L 480 464 480 432 2 0 false 5 0
M 416 592 416 624 2 2.5
M 480 592 480 624 2 2.5
b 48 96 804 394 0
