$ 1 0.000005 10.20027730826997 50 5 43 5e-11
M 1568 576 1632 576 2 2.5
L 1472 608 1424 608 2 0 false 5 0
L 1472 576 1424 576 2 0 false 5 0
x 1627 262 1657 265 4 18 non
x 1382 277 1437 280 4 18 non_et
. ET 1 2 2 3 e1 4 0 2 e2 7 1 2 s 2 0 3 MosfetElm\s7\s0\s21\rResistorElm\s22\s23\rMosfetElm\s4\s21\s23\rMosfetElm\s23\s0\s2\rResistorElm\s22\s2\rRailElm\s22 32\\s1.5\\s0.02\s0\\s1000\s32\\s1.5\\s0.02\s32\\s1.5\\s0.02\s0\\s1000\s0\\s0\\s40\\s5\\s0\\s0\\s0.5
410 1472 576 1584 640 1 ET 32\s1.5\s0.02 0\s1000 32\s1.5\s0.02 32\s1.5\s0.02 0\s1000 0\s0\s40\s5\s0\s0\s0.5
w 1536 464 1472 464 0
w 1536 384 1536 464 0
w 1600 384 1536 384 0
w 1472 224 1472 256 0
w 1536 224 1472 224 0
w 1600 224 1600 240 0
w 1536 224 1600 224 0
R 1536 224 1536 176 0 0 40 5 0 0 0.5
w 1472 320 1552 320 0
r 1600 240 1600 304 0 1000
w 1600 336 1600 384 0
f 1552 320 1600 320 32 1.5 0.02
207 1600 304 1696 304 4 s
207 1424 336 1360 336 4 e1
f 1424 336 1472 336 32 1.5 0.02
g 1472 464 1472 496 0 0
w 1472 416 1472 464 0
r 1472 256 1472 320 0 1000
w 1472 352 1472 384 0
f 1424 400 1472 400 32 1.5 0.02
207 1424 400 1360 400 4 e2
x 1477 130 1588 133 4 24 Circuit\s"et"
b 1344 160 1706 522 0
