$ 1 0.000005 10.20027730826997 50 5 43 5e-11
M 304 384 368 384 2 2.5
L 176 384 128 384 2 0 false 5 0
. NON 1 3 1 2 e 3 0 2 s 2 0 3 RailElm\s1\rResistorElm\s1\s2\rMosfetElm\s3\s0\s2 0\\s0\\s40\\s5\\s0\\s0\\s0.5\s0\\s1000\s32\\s1.5\\s0.02
410 176 384 320 384 1 NON 0\s0\s40\s5\s0\s0\s0.5 0\s1000 32\s1.5\s0.02
207 192 224 128 224 4 e
207 240 208 336 208 4 s
x 178 59 309 62 4 24 Circuit\s"non"
f 192 224 240 224 32 1.5 0.02
g 240 288 240 320 0 0
w 240 240 240 288 0
r 240 144 240 208 0 1000
R 240 144 240 96 0 0 40 5 0 0 0.5
b 121 86 349 344 0
