$ 1 0.000005 10.20027730826997 50 5 43 5e-11
M 688 464 752 464 2 2.5
L 560 496 512 496 2 0 false 5 0
L 560 464 512 464 2 0 false 5 0
. NON\sET 1 3 2 3 e1 4 0 2 e2 7 1 2 s 2 0 3 MosfetElm\s4\s5\s2\rResistorElm\s6\s2\rRailElm\s6\rMosfetElm\s7\s0\s5 32\\s1.5\\s0.02\s0\\s1000\s0\\s0\\s40\\s5\\s0\\s0\\s0.5\s32\\s1.5\\s0.02
410 560 464 656 496 1 NON\sET 32\s1.5\s0.02 0\s1000 0\s0\s40\s5\s0\s0\s0.5 32\s1.5\s0.02
207 576 288 512 288 4 e2
f 576 288 624 288 32 1.5 0.02
w 624 240 624 272 0
R 624 144 624 96 0 0 40 5 0 0 0.5
r 624 144 624 208 0 1000
w 624 304 624 352 0
g 624 352 624 384 0 0
f 576 224 624 224 32 1.5 0.02
207 624 208 720 208 4 s
207 576 224 512 224 4 e1
x 537 56 695 59 4 24 Circuit\s"non\set"
b 496 80 730 407 0
