$ 1 0.000005 10.20027730826997 50 5 43 5e-11
M 1120 496 1184 496 2 2.5
L 992 496 944 496 2 0 false 5 0
L 992 528 944 528 2 0 false 5 0
g 1024 288 1024 320 0 0
w 1024 368 1088 368 0
w 1088 368 1088 256 0
. NON\sOU 1 3 2 3 e1 4 0 2 e2 7 1 2 s 2 0 3 MosfetElm\s7\s0\s2\rRailElm\s8\rResistorElm\s8\s2\rMosfetElm\s4\s0\s2 32\\s1.5\\s0.02\s0\\s0\\s40\\s5\\s0\\s0\\s0.5\s0\\s1000\s32\\s1.5\\s0.02
410 992 496 1072 544 1 NON\sOU 32\s1.5\s0.02 0\s0\s40\s5\s0\s0\s0.5 0\s1000 32\s1.5\s0.02
207 1088 256 1184 256 4 s
207 976 384 912 384 4 e2
207 976 272 912 272 4 e1
f 976 272 1024 272 32 1.5 0.02
g 1024 400 1024 432 0 0
w 1088 256 1024 256 0
r 1088 192 1088 256 0 1000
R 1088 192 1088 144 0 0 40 5 0 0 0.5
f 976 384 1024 384 32 1.5 0.02
x 963 98 1128 101 4 24 Circuit\s"non\sou"
b 896 128 1198 459 0
