$ 1 0.000005 10.20027730826997 50 5 43 5e-11
M 2032 544 2096 544 2 2.5
L 1936 544 1888 544 2 1 false 5 0
L 1936 576 1888 576 2 1 false 5 0
x 2117 263 2147 266 4 18 non
x 1874 270 1934 273 4 18 non_ou
. OU 1 2 2 3 e1 4 0 2 e2 7 1 2 s 2 0 3 MosfetElm\s4\s0\s30\rResistorElm\s31\s30\rRailElm\s31\rMosfetElm\s7\s0\s30\rResistorElm\s31\s2\rMosfetElm\s30\s0\s2 32\\s1.5\\s0.02\s0\\s1000\s0\\s0\\s40\\s5\\s0\\s0\\s0.5\s32\\s1.5\\s0.02\s0\\s1000\s32\\s1.5\\s0.02
410 1936 544 1984 544 1 OU 32\s1.5\s0.02 0\s1000 0\s0\s40\s5\s0\s0\s0.5 32\s1.5\s0.02 0\s1000 32\s1.5\s0.02
w 1968 304 2032 304 0
g 2080 320 2080 352 0 0
w 1968 224 1968 240 0
w 2016 224 1968 224 0
w 2080 224 2016 224 0
207 2080 288 2176 288 4 s
f 2032 304 2080 304 32 1.5 0.02
r 2080 224 2080 288 0 1000
f 1856 432 1904 432 32 1.5 0.02
R 2016 224 2016 176 0 0 40 5 0 0 0.5
r 1968 240 1968 304 0 1000
w 1968 304 1904 304 0
g 1904 448 1904 480 0 0
f 1856 320 1904 320 32 1.5 0.02
207 1856 320 1792 320 4 e1
207 1856 432 1792 432 4 e2
w 1968 416 1968 304 0
w 1904 416 1968 416 0
g 1904 336 1904 368 0 0
x 1932 125 2050 128 4 24 Circuit\s"ou"
b 1776 160 2186 504 0
