$ 1 0.000005 10.20027730826997 50 5 43 5e-11
M 2800 720 2864 720 2 2.5
L 2672 752 2624 752 2 0 false 5 0
L 2672 720 2624 720 2 0 false 5 0
w 2816 400 2640 400 0
w 2944 128 2816 128 0
w 2640 128 2640 176 0
w 2832 416 2832 464 0
w 2832 240 2832 352 0
. OUEX 1 3 2 3 e1 4 0 2 e2 7 1 2 s 2 0 3 MosfetElm\s37\s0\s39\rResistorElm\s38\s39\rMosfetElm\s7\s0\s37\rResistorElm\s38\s37\rMosfetElm\s4\s0\s37\rMosfetElm\s4\s0\s40\rResistorElm\s38\s41\rMosfetElm\s7\s40\s41\rRailElm\s38\rResistorElm\s38\s2\rMosfetElm\s42\s0\s2\rMosfetElm\s39\s43\s42\rResistorElm\s38\s42\rMosfetElm\s41\s0\s43 32\\s1.5\\s0.02\s0\\s1000\s32\\s1.5\\s0.02\s0\\s1000\s32\\s1.5\\s0.02\s32\\s1.5\\s0.02\s0\\s1000\s32\\s1.5\\s0.02\s0\\s0\\s40\\s5\\s0\\s0\\s0.5\s0\\s1000\s32\\s1.5\\s0.02\s32\\s1.5\\s0.02\s0\\s560\s32\\s1.5\\s0.02
410 2672 720 2912 800 1 OUEX 32\s1.5\s0.02 0\s1000 32\s1.5\s0.02 0\s1000 32\s1.5\s0.02 32\s1.5\s0.02 0\s1000 32\s1.5\s0.02 0\s0\s40\s5\s0\s0\s0.5 0\s1000 32\s1.5\s0.02 32\s1.5\s0.02 0\s560 32\s1.5\s0.02
207 3008 320 3104 320 4 s
207 2400 480 2368 480 4 e2
207 2432 272 2368 272 4 e1
w 2784 608 2880 480 0
w 2640 608 2784 608 0
w 2944 128 2944 240 0
w 2816 128 2640 128 0
w 2816 128 2816 400 0
x 2973 203 3003 206 4 18 and
x 2569 156 2585 159 4 18 or
x 2545 595 2585 598 4 18 nand
w 2640 464 2832 464 0
w 2704 240 2832 240 0
f 2832 416 2880 416 32 1.5 0.02
w 2880 368 2880 400 0
r 2880 272 2880 336 0 1000
w 2880 432 2880 480 0
f 2832 352 2880 352 32 1.5 0.02
f 2960 336 3008 336 32 1.5 0.02
w 3008 352 3008 400 0
r 3008 256 3008 320 0 1000
w 2880 336 2960 336 0
R 2816 128 2816 80 0 0 40 5 0 0 0.5
w 2944 240 3008 240 0
w 3008 240 3008 256 0
w 2944 240 2880 240 0
w 2880 240 2880 272 0
w 3008 400 2944 400 0
w 2944 400 2944 480 0
w 2944 480 2880 480 0
w 2480 480 2592 480 0
w 2432 544 2592 544 0
f 2592 480 2640 480 32 1.5 0.02
g 2784 608 2784 640 0 0
w 2640 560 2640 608 0
r 2640 400 2640 464 0 1000
w 2640 496 2640 528 0
f 2592 544 2640 544 32 1.5 0.02
w 2432 272 2432 544 0
w 2480 384 2480 480 0
w 2400 480 2480 480 0
g 2528 288 2528 320 0 0
w 2528 368 2592 368 0
w 2592 368 2592 256 0
f 2480 272 2528 272 32 1.5 0.02
g 2528 400 2528 432 0 0
w 2592 256 2528 256 0
r 2592 192 2592 256 0 1000
f 2480 384 2528 384 32 1.5 0.02
r 2704 176 2704 240 0 1000
f 2656 256 2704 256 32 1.5 0.02
w 2704 176 2640 176 0
w 2640 176 2592 176 0
w 2592 176 2592 192 0
g 2704 272 2704 304 0 0
w 2592 256 2656 256 0
w 2432 272 2480 272 0
x 2660 30 2803 33 4 24 Circuit\s"ouex"
b 2352 64 3113 665 0
