$ 1 0.000005 10.20027730826997 50 5 50 5e-11
207 -528 -496 -608 -496 4 a1
207 -528 -512 -608 -512 4 a0
w -528 -512 -480 -512 0
w -528 -496 -496 -496 0
150 -384 -400 -304 -400 0 2 5 5
w -496 -496 -496 -416 0
w -480 -512 -480 -384 0
w -496 -416 -448 -416 0
w -480 -384 -448 -384 0
w -496 -416 -496 -336 0
w -480 -384 -480 -304 0
x -639 -530 -539 -527 4 24 Adresses
I -448 -416 -384 -416 0 0.5 5
I -448 -384 -384 -384 0 0.5 5
I -448 -336 -384 -336 0 0.5 5
w -480 -304 -384 -304 0
w -496 -336 -448 -336 0
150 -384 -320 -304 -320 0 2 0 5
150 -384 -240 -304 -240 0 2 0 5
w -496 -256 -384 -256 0
w -480 -224 -448 -224 0
I -448 -224 -384 -224 0 0.5 5
w -480 -304 -480 -224 0
w -496 -336 -496 -256 0
w -496 -176 -496 -80 0
w -480 -144 -480 -64 0
150 -384 -160 -304 -160 0 2 0 5
w -496 -176 -384 -176 0
w -480 -144 -384 -144 0
w -480 -224 -480 -144 0
w -496 -256 -496 -176 0
w -496 -80 -496 48 0
w -480 -64 -480 48 0
207 -1216 -480 -1280 -480 4 e0
207 -1216 -512 -1280 -512 4 e1
207 -1216 -544 -1280 -544 4 e2
207 -1216 -576 -1280 -576 4 e3
207 -944 -496 -896 -496 4 s2
207 -944 -560 -896 -560 4 s3
207 -944 -624 -896 -624 4 s4
207 -944 -688 -896 -688 4 s5
w -976 -464 -1008 -480 0
w -864 -464 -976 -464 0
w -864 -528 -864 -464 0
w -976 -528 -1008 -544 0
w -864 -528 -976 -528 0
w -864 -592 -864 -528 0
w -976 -592 -1008 -608 0
w -864 -592 -976 -592 0
w -864 -656 -864 -592 0
w -976 -656 -1008 -672 0
w -864 -656 -976 -656 0
180 -1072 -496 -944 -496 0 0.1 10000000000 100000000
180 -1072 -560 -944 -560 0 0.1 10000000000 100000000
w -1120 -544 -1072 -496 0
w -1120 -576 -1072 -560 0
w -1120 -608 -1072 -624 0
w -1120 -640 -1072 -688 0
180 -1072 -624 -944 -624 0 0.1 10000000000 100000000
180 -1072 -688 -944 -688 0 0.1 10000000000 100000000
168 -1216 -704 -1072 -704 2 8 0 0 0 0 0 0 0 0
207 -864 -656 -800 -656 4 oe
L -1216 -448 -1264 -448 2 1 false 5 0
207 -1216 -608 -1280 -608 4 e4
207 -1216 -640 -1280 -640 4 e5
207 -1216 -672 -1280 -672 4 e6
207 -1216 -704 -1280 -704 4 e7
w -1120 -672 -1072 -752 0
w -1120 -704 -1072 -816 0
w -1120 -512 -1072 -432 0
w -1120 -480 -1072 -368 0
180 -1072 -752 -944 -752 0 0.1 10000000000 100000000
w -864 -720 -976 -720 0
w -976 -720 -1008 -736 0
207 -944 -752 -896 -752 4 s6
180 -1072 -816 -944 -816 0 0.1 10000000000 100000000
w -864 -784 -976 -784 0
w -976 -784 -1008 -800 0
207 -944 -816 -896 -816 4 s7
180 -1072 -432 -944 -432 0 0.1 10000000000 100000000
w -864 -400 -976 -400 0
w -976 -400 -1008 -416 0
207 -944 -432 -896 -432 4 s1
180 -1072 -368 -944 -368 0 0.1 10000000000 100000000
w -864 -336 -976 -336 0
w -976 -336 -1008 -352 0
207 -944 -368 -896 -368 4 s0
w -864 -464 -864 -400 0
w -864 -400 -864 -336 0
w -864 -656 -864 -720 0
w -864 -720 -864 -784 0
x -1180 -897 -919 -894 4 24 Registre\s3\sen\s8-bits\s(R4)
. R4 1 3 9 17 e0 36 8 2 e1 37 7 2 e2 38 6 2 e3 39 5 2 e4 53 4 2 e5 54 3 2 e6 55 2 2 e7 56 1 2 oe 44 0 2 s0 68 8 3 s1 66 7 3 s2 40 6 3 s3 41 5 3 s4 42 4 3 s5 43 3 3 s6 62 2 3 s7 64 1 3 TriStateElm\s45\s40\s44\rTriStateElm\s47\s41\s44\rTriStateElm\s49\s42\s44\rTriStateElm\s50\s43\s44\rLatchElm\s36\s37\s38\s39\s53\s54\s55\s56\s57\s58\s45\s47\s49\s50\s59\s60\s61\rLogicInputElm\s61\rTriStateElm\s59\s62\s44\rTriStateElm\s60\s64\s44\rTriStateElm\s58\s66\s44\rTriStateElm\s57\s68\s44 0\\s0.1\\s10000000000\\s100000000\s0\\s0.1\\s10000000000\\s100000000\s0\\s0.1\\s10000000000\\s100000000\s0\\s0.1\\s10000000000\\s100000000\s2\\s8\\s0\\s0\\s0\\s0\\s0\\s0\\s0\\s0\s2\\s1\\sfalse\\s5\\s0\s0\\s0.1\\s10000000000\\s100000000\s0\\s0.1\\s10000000000\\s100000000\s0\\s0.1\\s10000000000\\s100000000\s0\\s0.1\\s10000000000\\s100000000
410 -160 -976 -16 -960 1 R4 0\s0.1\s10000000000\s100000000 0\s0.1\s10000000000\s100000000 0\s0.1\s10000000000\s100000000 0\s0.1\s10000000000\s100000000 2\s8\s5\s0\s0\s0\s0\s0\s0\s5 2\s1\sfalse\s5\s0 0\s0.1\s10000000000\s100000000 0\s0.1\s10000000000\s100000000 0\s0.1\s10000000000\s100000000 0\s0.1\s10000000000\s100000000
410 -160 -368 -16 -352 1 R4 0\s0.1\s10000000000\s100000000 0\s0.1\s10000000000\s100000000 0\s0.1\s10000000000\s100000000 0\s0.1\s10000000000\s100000000 2\s8\s0\s5\s0\s5\s5\s0\s0\s0 2\s1\sfalse\s5\s0 0\s0.1\s10000000000\s100000000 0\s0.1\s10000000000\s100000000 0\s0.1\s10000000000\s100000000 0\s0.1\s10000000000\s100000000
410 -160 -672 -16 -656 1 R4 0\s0.1\s10000000000\s100000000 0\s0.1\s10000000000\s100000000 0\s0.1\s10000000000\s100000000 0\s0.1\s10000000000\s100000000 2\s8\s0\s0\s5\s0\s0\s0\s0\s5 2\s1\sfalse\s5\s0 0\s0.1\s10000000000\s100000000 0\s0.1\s10000000000\s100000000 0\s0.1\s10000000000\s100000000 0\s0.1\s10000000000\s100000000
410 -160 -64 -16 -48 1 R4 0\s0.1\s10000000000\s100000000 0\s0.1\s10000000000\s100000000 0\s0.1\s10000000000\s100000000 0\s0.1\s10000000000\s100000000 2\s8\s0\s0\s0\s0\s0\s5\s5\s0 2\s1\sfalse\s5\s0 0\s0.1\s10000000000\s100000000 0\s0.1\s10000000000\s100000000 0\s0.1\s10000000000\s100000000 0\s0.1\s10000000000\s100000000
w -304 -400 -160 -976 0
w -304 -320 -160 -672 0
w -304 -240 -160 -368 0
w -304 -160 -160 -64 0
L -160 -944 -192 -944 2 1 false 5 0
L -160 -912 -192 -912 2 0 false 5 0
L -160 -880 -192 -880 2 0 false 5 0
L -160 -848 -192 -848 2 0 false 5 0
L -160 -816 -192 -816 2 0 false 5 0
L -160 -784 -192 -784 2 0 false 5 0
L -160 -752 -192 -752 2 0 false 5 0
L -160 -720 -192 -720 2 1 false 5 0
L -160 -416 -192 -416 2 0 false 5 0
L -160 -448 -192 -448 2 0 false 5 0
L -160 -480 -192 -480 2 1 false 5 0
L -160 -512 -192 -512 2 0 false 5 0
L -160 -544 -192 -544 2 0 false 5 0
L -160 -576 -192 -576 2 0 false 5 0
L -160 -608 -192 -608 2 0 false 5 0
L -160 -640 -192 -640 2 1 false 5 0
L -160 -112 -192 -112 2 0 false 5 0
L -160 -144 -192 -144 2 1 false 5 0
L -160 -176 -192 -176 2 0 false 5 0
L -160 -208 -192 -208 2 1 false 5 0
L -160 -240 -192 -240 2 1 false 5 0
L -160 -272 -192 -272 2 0 false 5 0
L -160 -304 -192 -304 2 0 false 5 0
L -160 -336 -192 -336 2 0 false 5 0
L -160 192 -192 192 2 0 false 5 0
L -160 160 -192 160 2 0 false 5 0
L -160 128 -192 128 2 0 false 5 0
L -160 96 -192 96 2 0 false 5 0
L -160 64 -192 64 2 0 false 5 0
L -160 32 -192 32 2 1 false 5 0
L -160 0 -192 0 2 1 false 5 0
L -160 -32 -192 -32 2 0 false 5 0
x -498 -877 -250 -874 4 24 LIRE\sRAM\s->\sWRITE\sA
x -301 -197 -203 -194 4 24 A\pB\s->\sC
w 32 -944 32 -640 0
w 48 -912 48 -608 0
w 80 -848 80 -544 0
w 64 -880 64 -576 0
w 128 -752 128 -448 0
w 144 -720 144 -416 0
w 112 -784 112 -480 0
w 96 -816 96 -512 0
x -466 120 -216 123 4 24 LIRE\sC\s->\sWRITE\sRAM
x -461 -548 -213 -545 4 24 LIRE\sRAM\s->\sWRITE\sB
w 144 -720 -32 -720 0
w 128 -752 -32 -752 0
w 112 -784 -32 -784 0
w 96 -816 -32 -816 0
w 80 -848 -32 -848 0
w 64 -880 -32 -880 0
w 48 -912 -32 -912 0
w 32 -944 -32 -944 0
w 32 -640 -32 -640 0
w 48 -608 -32 -608 0
w 64 -576 -32 -576 0
w 80 -544 -32 -544 0
w 96 -512 -32 -512 0
w 112 -480 -32 -480 0
w 128 -448 -32 -448 0
w 144 -416 -32 -416 0
w 96 -512 96 -208 0
w 112 -480 112 -176 0
w 144 -416 144 -112 0
w 128 -448 128 -144 0
w 64 -576 64 -272 0
w 80 -544 80 -240 0
w 48 -608 48 -304 0
w 32 -640 32 -336 0
w 32 -336 -32 -336 0
w 48 -304 -32 -304 0
w 64 -272 -32 -272 0
w 80 -240 -32 -240 0
w 96 -208 -32 -208 0
w 112 -176 -32 -176 0
w 128 -144 -32 -144 0
w 144 -112 -32 -112 0
w 96 -208 96 96 0
w 112 -176 112 128 0
w 144 -112 144 192 0
w 128 -144 128 160 0
w 64 -272 64 32 0
w 80 -240 80 64 0
w 48 -304 48 0 0
w 32 -336 32 -32 0
w 32 -32 -32 -32 0
w 48 0 -32 0 0
w 64 32 -32 32 0
w 80 64 -32 64 0
w 96 96 -32 96 0
w 112 128 -32 128 0
w 128 160 -32 160 0
w 144 192 -32 192 0
w 96 96 96 496 0
w 112 128 112 496 0
w 144 192 144 496 0
w 128 160 128 496 0
w 64 32 64 496 0
w 80 64 80 496 0
w 48 0 48 496 0
w 32 -32 32 496 0
w 32 -944 32 -1104 0
w 48 -912 48 -1104 0
w 64 -880 64 -1104 0
w 80 -848 80 -1104 0
w 96 -816 96 -1104 0
w 112 -784 112 -1104 0
w 128 -752 128 -1104 0
w 144 -720 144 -1104 0
w 32 -640 240 -640 0
w 48 -608 240 -608 0
w 64 -576 240 -576 0
w 80 -544 240 -544 0
w 96 -512 240 -512 0
w 112 -480 240 -480 0
w 128 -448 240 -448 0
w 144 -416 240 -416 0
207 240 -640 288 -640 4 oeRAM
207 240 -608 288 -608 4 weRAM
207 240 -544 288 -544 4 weC
207 240 -576 288 -576 4 oeC
207 240 -480 288 -480 4 weB
207 240 -512 288 -512 4 oeB
207 240 -416 288 -416 4 weA
207 240 -448 288 -448 4 oeA
419 -912 -160 -848 -160 0 8
L -1136 32 -1216 32 2 0 false 5 0
L -1136 64 -1216 64 2 0 false 5 0
x 152 -659 838 -656 4 120 DECODEUR
x 629 -579 839 -576 4 86 2-bits
b -1248 -208 -763 110 0
x -1158 -226 -861 -223 4 24 Sous-circuit\sdécodeur\s2-bits
b -1328 -864 -768 -305 0
b -704 -1168 898 555 0
. decodeur\s2b 1 6 8 10 a0 2 7 2 a1 1 6 2 oeA 54 6 3 oeB 56 4 3 oeC 58 2 3 oeRAM 60 0 3 weA 53 7 3 weB 55 5 3 weC 57 3 3 weRAM 59 1 3 AndGateElm\s3\s4\s5\rInverterElm\s1\s4\rInverterElm\s2\s3\rInverterElm\s1\s6\rAndGateElm\s2\s6\s7\rAndGateElm\s8\s1\s9\rInverterElm\s2\s8\rAndGateElm\s2\s1\s10\rCustomCompositeElm\s45\s46\s47\s48\s49\s50\s51\s52\s5\s53\s54\s55\s56\s57\s58\s59\s60\rCustomCompositeElm\s78\s79\s80\s81\s82\s83\s84\s85\s9\s53\s54\s55\s56\s57\s58\s59\s60\rCustomCompositeElm\s103\s104\s105\s106\s107\s108\s109\s110\s7\s53\s54\s55\s56\s57\s58\s59\s60\rCustomCompositeElm\s128\s129\s130\s131\s132\s133\s134\s135\s10\s53\s54\s55\s56\s57\s58\s59\s60\rLogicInputElm\s52\rLogicInputElm\s51\rLogicInputElm\s50\rLogicInputElm\s49\rLogicInputElm\s48\rLogicInputElm\s47\rLogicInputElm\s46\rLogicInputElm\s45\rLogicInputElm\s103\rLogicInputElm\s104\rLogicInputElm\s105\rLogicInputElm\s106\rLogicInputElm\s107\rLogicInputElm\s108\rLogicInputElm\s109\rLogicInputElm\s110\rLogicInputElm\s78\rLogicInputElm\s79\rLogicInputElm\s80\rLogicInputElm\s81\rLogicInputElm\s82\rLogicInputElm\s83\rLogicInputElm\s84\rLogicInputElm\s85\rLogicInputElm\s128\rLogicInputElm\s129\rLogicInputElm\s130\rLogicInputElm\s131\rLogicInputElm\s132\rLogicInputElm\s133\rLogicInputElm\s134\rLogicInputElm\s135 0\\s2\\s5\\s5\s0\\s0.5\\s5\s0\\s0.5\\s5\s0\\s0.5\\s5\s0\\s2\\s0\\s5\s0\\s2\\s0\\s5\s0\\s0.5\\s5\s0\\s2\\s0\\s5\s1\\sR4\\s0\\\\s0.1\\\\s10000000000\\\\s100000000\\s0\\\\s0.1\\\\s10000000000\\\\s100000000\\s0\\\\s0.1\\\\s10000000000\\\\s100000000\\s0\\\\s0.1\\\\s10000000000\\\\s100000000\\s2\\\\s8\\\\s5\\\\s0\\\\s0\\\\s0\\\\s0\\\\s0\\\\s0\\\\s5\\s2\\\\s1\\\\sfalse\\\\s5\\\\s0\\s0\\\\s0.1\\\\s10000000000\\\\s100000000\\s0\\\\s0.1\\\\s10000000000\\\\s100000000\\s0\\\\s0.1\\\\s10000000000\\\\s100000000\\s0\\\\s0.1\\\\s10000000000\\\\s100000000\s1\\sR4\\s0\\\\s0.1\\\\s10000000000\\\\s100000000\\s0\\\\s0.1\\\\s10000000000\\\\s100000000\\s0\\\\s0.1\\\\s10000000000\\\\s100000000\\s0\\\\s0.1\\\\s10000000000\\\\s100000000\\s2\\\\s8\\\\s0\\\\s5\\\\s0\\\\s5\\\\s5\\\\s0\\\\s0\\\\s0\\s2\\\\s1\\\\sfalse\\\\s5\\\\s0\\s0\\\\s0.1\\\\s10000000000\\\\s100000000\\s0\\\\s0.1\\\\s10000000000\\\\s100000000\\s0\\\\s0.1\\\\s10000000000\\\\s100000000\\s0\\\\s0.1\\\\s10000000000\\\\s100000000\s1\\sR4\\s0\\\\s0.1\\\\s10000000000\\\\s100000000\\s0\\\\s0.1\\\\s10000000000\\\\s100000000\\s0\\\\s0.1\\\\s10000000000\\\\s100000000\\s0\\\\s0.1\\\\s10000000000\\\\s100000000\\s2\\\\s8\\\\s0\\\\s0\\\\s5\\\\s0\\\\s0\\\\s0\\\\s0\\\\s5\\s2\\\\s1\\\\sfalse\\\\s5\\\\s0\\s0\\\\s0.1\\\\s10000000000\\\\s100000000\\s0\\\\s0.1\\\\s10000000000\\\\s100000000\\s0\\\\s0.1\\\\s10000000000\\\\s100000000\\s0\\\\s0.1\\\\s10000000000\\\\s100000000\s1\\sR4\\s0\\\\s0.1\\\\s10000000000\\\\s100000000\\s0\\\\s0.1\\\\s10000000000\\\\s100000000\\s0\\\\s0.1\\\\s10000000000\\\\s100000000\\s0\\\\s0.1\\\\s10000000000\\\\s100000000\\s2\\\\s8\\\\s0\\\\s0\\\\s0\\\\s0\\\\s0\\\\s5\\\\s5\\\\s0\\s2\\\\s1\\\\sfalse\\\\s5\\\\s0\\s0\\\\s0.1\\\\s10000000000\\\\s100000000\\s0\\\\s0.1\\\\s10000000000\\\\s100000000\\s0\\\\s0.1\\\\s10000000000\\\\s100000000\\s0\\\\s0.1\\\\s10000000000\\\\s100000000\s2\\s1\\sfalse\\s5\\s0\s2\\s0\\sfalse\\s5\\s0\s2\\s0\\sfalse\\s5\\s0\s2\\s0\\sfalse\\s5\\s0\s2\\s0\\sfalse\\s5\\s0\s2\\s0\\sfalse\\s5\\s0\s2\\s0\\sfalse\\s5\\s0\s2\\s1\\sfalse\\s5\\s0\s2\\s0\\sfalse\\s5\\s0\s2\\s0\\sfalse\\s5\\s0\s2\\s1\\sfalse\\s5\\s0\s2\\s0\\sfalse\\s5\\s0\s2\\s0\\sfalse\\s5\\s0\s2\\s0\\sfalse\\s5\\s0\s2\\s0\\sfalse\\s5\\s0\s2\\s1\\sfalse\\s5\\s0\s2\\s0\\sfalse\\s5\\s0\s2\\s1\\sfalse\\s5\\s0\s2\\s0\\sfalse\\s5\\s0\s2\\s1\\sfalse\\s5\\s0\s2\\s1\\sfalse\\s5\\s0\s2\\s0\\sfalse\\s5\\s0\s2\\s0\\sfalse\\s5\\s0\s2\\s0\\sfalse\\s5\\s0\s2\\s0\\sfalse\\s5\\s0\s2\\s0\\sfalse\\s5\\s0\s2\\s0\\sfalse\\s5\\s0\s2\\s0\\sfalse\\s5\\s0\s2\\s0\\sfalse\\s5\\s0\s2\\s1\\sfalse\\s5\\s0\s2\\s1\\sfalse\\s5\\s0\s2\\s0\\sfalse\\s5\\s0
410 -1136 -160 -1072 -176 1 decodeur\s2b 0\s2\s5\s5 0\s0.5\s5 0\s0.5\s5 0\s0.5\s5 0\s2\s0\s5 0\s2\s0\s5 0\s0.5\s5 0\s2\s0\s5 1\sR4\s0\\s0.1\\s10000000000\\s100000000\s0\\s0.1\\s10000000000\\s100000000\s0\\s0.1\\s10000000000\\s100000000\s0\\s0.1\\s10000000000\\s100000000\s2\\s8\\s5\\s0\\s0\\s0\\s0\\s0\\s0\\s5\s2\\s1\\sfalse\\s5\\s0\s0\\s0.1\\s10000000000\\s100000000\s0\\s0.1\\s10000000000\\s100000000\s0\\s0.1\\s10000000000\\s100000000\s0\\s0.1\\s10000000000\\s100000000 1\sR4\s0\\s0.1\\s10000000000\\s100000000\s0\\s0.1\\s10000000000\\s100000000\s0\\s0.1\\s10000000000\\s100000000\s0\\s0.1\\s10000000000\\s100000000\s2\\s8\\s0\\s5\\s0\\s5\\s5\\s0\\s0\\s0\s2\\s1\\sfalse\\s5\\s0\s0\\s0.1\\s10000000000\\s100000000\s0\\s0.1\\s10000000000\\s100000000\s0\\s0.1\\s10000000000\\s100000000\s0\\s0.1\\s10000000000\\s100000000 1\sR4\s0\\s0.1\\s10000000000\\s100000000\s0\\s0.1\\s10000000000\\s100000000\s0\\s0.1\\s10000000000\\s100000000\s0\\s0.1\\s10000000000\\s100000000\s2\\s8\\s0\\s0\\s5\\s0\\s0\\s0\\s0\\s5\s2\\s1\\sfalse\\s5\\s0\s0\\s0.1\\s10000000000\\s100000000\s0\\s0.1\\s10000000000\\s100000000\s0\\s0.1\\s10000000000\\s100000000\s0\\s0.1\\s10000000000\\s100000000 1\sR4\s0\\s0.1\\s10000000000\\s100000000\s0\\s0.1\\s10000000000\\s100000000\s0\\s0.1\\s10000000000\\s100000000\s0\\s0.1\\s10000000000\\s100000000\s2\\s8\\s0\\s0\\s0\\s0\\s0\\s5\\s5\\s0\s2\\s1\\sfalse\\s5\\s0\s0\\s0.1\\s10000000000\\s100000000\s0\\s0.1\\s10000000000\\s100000000\s0\\s0.1\\s10000000000\\s100000000\s0\\s0.1\\s10000000000\\s100000000 2\s1\sfalse\s5\s0 2\s0\sfalse\s5\s0 2\s0\sfalse\s5\s0 2\s0\sfalse\s5\s0 2\s0\sfalse\s5\s0 2\s0\sfalse\s5\s0 2\s0\sfalse\s5\s0 2\s1\sfalse\s5\s0 2\s0\sfalse\s5\s0 2\s0\sfalse\s5\s0 2\s1\sfalse\s5\s0 2\s0\sfalse\s5\s0 2\s0\sfalse\s5\s0 2\s0\sfalse\s5\s0 2\s0\sfalse\s5\s0 2\s1\sfalse\s5\s0 2\s0\sfalse\s5\s0 2\s1\sfalse\s5\s0 2\s0\sfalse\s5\s0 2\s1\sfalse\s5\s0 2\s1\sfalse\s5\s0 2\s0\sfalse\s5\s0 2\s0\sfalse\s5\s0 2\s0\sfalse\s5\s0 2\s0\sfalse\s5\s0 2\s0\sfalse\s5\s0 2\s0\sfalse\s5\s0 2\s0\sfalse\s5\s0 2\s0\sfalse\s5\s0 2\s1\sfalse\s5\s0 2\s1\sfalse\s5\s0 2\s0\sfalse\s5\s0
