$ 1 0.000005 10.20027730826997 50 5 50 5e-11
207 -528 -480 -608 -480 4 a2
207 -528 -496 -608 -496 4 a1
207 -528 -512 -608 -512 4 a0
w -528 -512 -480 -512 0
w -528 -480 -512 -480 0
w -528 -496 -496 -496 0
150 -384 -400 -304 -400 0 3 5 5
w -512 -480 -512 -416 0
w -496 -496 -496 -400 0
w -480 -512 -480 -384 0
w -512 -416 -448 -416 0
w -496 -400 -448 -400 0
w -480 -384 -448 -384 0
w -512 -416 -512 -336 0
w -496 -400 -496 -320 0
w -480 -384 -480 -304 0
x -597 -530 -497 -527 4 24 Adresses
I -448 -416 -384 -416 0 0.5 5
I -448 -400 -384 -400 0 0.5 5
I -448 -384 -384 -384 0 0.5 5
I -448 -320 -384 -320 0 0.5 5
I -448 -336 -384 -336 0 0.5 5
w -480 -304 -384 -304 0
w -496 -320 -448 -320 0
w -512 -336 -448 -336 0
150 -384 -320 -304 -320 0 3 0 5
150 -384 -240 -304 -240 0 3 0 5
w -512 -256 -448 -256 0
w -496 -240 -384 -240 0
w -480 -224 -448 -224 0
I -448 -256 -384 -256 0 0.5 5
I -448 -224 -384 -224 0 0.5 5
w -480 -304 -480 -224 0
w -496 -320 -496 -240 0
w -512 -336 -512 -256 0
w -512 -176 -512 -96 0
w -496 -160 -496 -80 0
w -480 -144 -480 -64 0
I -448 -80 -384 -80 0 0.5 5
w -480 -64 -448 -64 0
w -496 -80 -448 -80 0
w -512 -96 -384 -96 0
150 -384 -80 -304 -80 0 3 0 5
150 -384 -160 -304 -160 0 3 0 5
w -512 -176 -448 -176 0
w -496 -160 -384 -160 0
w -480 -144 -384 -144 0
I -448 -176 -384 -176 0 0.5 5
I -448 -64 -384 -64 0 0.5 5
w -480 -224 -480 -144 0
w -496 -240 -496 -160 0
w -512 -256 -512 -176 0
w -512 -96 -512 48 0
w -496 -80 -496 48 0
w -480 -64 -480 48 0
207 -1136 -320 -1200 -320 4 e0
207 -1136 -352 -1200 -352 4 e1
207 -1136 -384 -1200 -384 4 e2
207 -1136 -416 -1200 -416 4 e3
207 -864 -336 -816 -336 4 s2
207 -864 -400 -816 -400 4 s3
207 -864 -464 -816 -464 4 s4
207 -864 -528 -816 -528 4 s5
w -896 -304 -928 -320 0
w -784 -304 -896 -304 0
w -784 -368 -784 -304 0
w -896 -368 -928 -384 0
w -784 -368 -896 -368 0
w -784 -432 -784 -368 0
w -896 -432 -928 -448 0
w -784 -432 -896 -432 0
w -784 -496 -784 -432 0
w -896 -496 -928 -512 0
w -784 -496 -896 -496 0
180 -992 -336 -864 -336 0 0.1 10000000000 100000000
180 -992 -400 -864 -400 0 0.1 10000000000 100000000
w -1040 -384 -992 -336 0
w -1040 -416 -992 -400 0
w -1040 -448 -992 -464 0
w -1040 -480 -992 -528 0
180 -992 -464 -864 -464 0 0.1 10000000000 100000000
180 -992 -528 -864 -528 0 0.1 10000000000 100000000
168 -1136 -544 -992 -544 2 8 0 0 0 0 0 0 0 0
207 -784 -496 -720 -496 4 oe
L -1136 -288 -1184 -288 2 1 false 5 0
207 -1136 -448 -1200 -448 4 e4
207 -1136 -480 -1200 -480 4 e5
207 -1136 -512 -1200 -512 4 e6
207 -1136 -544 -1200 -544 4 e7
w -1040 -512 -992 -592 0
w -1040 -544 -992 -656 0
w -1040 -352 -992 -272 0
w -1040 -320 -992 -208 0
180 -992 -592 -864 -592 0 0.1 10000000000 100000000
w -784 -560 -896 -560 0
w -896 -560 -928 -576 0
207 -864 -592 -816 -592 4 s6
180 -992 -656 -864 -656 0 0.1 10000000000 100000000
w -784 -624 -896 -624 0
w -896 -624 -928 -640 0
207 -864 -656 -816 -656 4 s7
180 -992 -272 -864 -272 0 0.1 10000000000 100000000
w -784 -240 -896 -240 0
w -896 -240 -928 -256 0
207 -864 -272 -816 -272 4 s1
180 -992 -208 -864 -208 0 0.1 10000000000 100000000
w -784 -176 -896 -176 0
w -896 -176 -928 -192 0
207 -864 -208 -816 -208 4 s0
w -784 -304 -784 -240 0
w -784 -240 -784 -176 0
w -784 -496 -784 -560 0
w -784 -560 -784 -624 0
x -1083 -717 -822 -714 4 24 Registre\s3\sen\s8-bits\s(R4)
. R4 1 3 9 17 e0 36 8 2 e1 37 7 2 e2 38 6 2 e3 39 5 2 e4 53 4 2 e5 54 3 2 e6 55 2 2 e7 56 1 2 oe 44 0 2 s0 68 8 3 s1 66 7 3 s2 40 6 3 s3 41 5 3 s4 42 4 3 s5 43 3 3 s6 62 2 3 s7 64 1 3 TriStateElm\s45\s40\s44\rTriStateElm\s47\s41\s44\rTriStateElm\s49\s42\s44\rTriStateElm\s50\s43\s44\rLatchElm\s36\s37\s38\s39\s53\s54\s55\s56\s57\s58\s45\s47\s49\s50\s59\s60\s61\rLogicInputElm\s61\rTriStateElm\s59\s62\s44\rTriStateElm\s60\s64\s44\rTriStateElm\s58\s66\s44\rTriStateElm\s57\s68\s44 0\\s0.1\\s10000000000\\s100000000\s0\\s0.1\\s10000000000\\s100000000\s0\\s0.1\\s10000000000\\s100000000\s0\\s0.1\\s10000000000\\s100000000\s2\\s8\\s0\\s0\\s0\\s0\\s0\\s0\\s0\\s0\s2\\s1\\sfalse\\s5\\s0\s0\\s0.1\\s10000000000\\s100000000\s0\\s0.1\\s10000000000\\s100000000\s0\\s0.1\\s10000000000\\s100000000\s0\\s0.1\\s10000000000\\s100000000
410 -160 -976 -16 -960 1 R4 0\s0.1\s10000000000\s100000000 0\s0.1\s10000000000\s100000000 0\s0.1\s10000000000\s100000000 0\s0.1\s10000000000\s100000000 2\s8\s0\s0\s0\s0\s0\s0\s0\s0 2\s1\sfalse\s5\s0 0\s0.1\s10000000000\s100000000 0\s0.1\s10000000000\s100000000 0\s0.1\s10000000000\s100000000 0\s0.1\s10000000000\s100000000
410 -160 -672 -16 -656 1 R4 0\s0.1\s10000000000\s100000000 0\s0.1\s10000000000\s100000000 0\s0.1\s10000000000\s100000000 0\s0.1\s10000000000\s100000000 2\s8\s5\s0\s0\s0\s0\s0\s0\s5 2\s1\sfalse\s5\s0 0\s0.1\s10000000000\s100000000 0\s0.1\s10000000000\s100000000 0\s0.1\s10000000000\s100000000 0\s0.1\s10000000000\s100000000
410 -160 -64 -16 -48 1 R4 0\s0.1\s10000000000\s100000000 0\s0.1\s10000000000\s100000000 0\s0.1\s10000000000\s100000000 0\s0.1\s10000000000\s100000000 2\s8\s0\s5\s0\s5\s5\s0\s0\s0 2\s1\sfalse\s5\s0 0\s0.1\s10000000000\s100000000 0\s0.1\s10000000000\s100000000 0\s0.1\s10000000000\s100000000 0\s0.1\s10000000000\s100000000
410 -160 -368 -16 -352 1 R4 0\s0.1\s10000000000\s100000000 0\s0.1\s10000000000\s100000000 0\s0.1\s10000000000\s100000000 0\s0.1\s10000000000\s100000000 2\s8\s0\s0\s5\s0\s0\s0\s0\s5 2\s1\sfalse\s5\s0 0\s0.1\s10000000000\s100000000 0\s0.1\s10000000000\s100000000 0\s0.1\s10000000000\s100000000 0\s0.1\s10000000000\s100000000
410 -160 240 -16 256 1 R4 0\s0.1\s10000000000\s100000000 0\s0.1\s10000000000\s100000000 0\s0.1\s10000000000\s100000000 0\s0.1\s10000000000\s100000000 2\s8\s0\s0\s0\s0\s0\s5\s5\s0 2\s1\sfalse\s5\s0 0\s0.1\s10000000000\s100000000 0\s0.1\s10000000000\s100000000 0\s0.1\s10000000000\s100000000 0\s0.1\s10000000000\s100000000
w -304 -400 -160 -976 0
w -304 -320 -160 -672 0
w -304 -240 -160 -368 0
w -304 -160 -160 -64 0
w -304 -80 -160 240 0
L -160 -944 -192 -944 2 0 false 5 0
L -160 -912 -192 -912 2 0 false 5 0
L -160 -880 -192 -880 2 0 false 5 0
L -160 -848 -192 -848 2 0 false 5 0
L -160 -816 -192 -816 2 0 false 5 0
L -160 -784 -192 -784 2 0 false 5 0
L -160 -752 -192 -752 2 0 false 5 0
L -160 -720 -192 -720 2 0 false 5 0
L -160 -416 -192 -416 2 1 false 5 0
L -160 -448 -192 -448 2 0 false 5 0
L -160 -480 -192 -480 2 0 false 5 0
L -160 -512 -192 -512 2 0 false 5 0
L -160 -544 -192 -544 2 0 false 5 0
L -160 -576 -192 -576 2 0 false 5 0
L -160 -608 -192 -608 2 0 false 5 0
L -160 -640 -192 -640 2 1 false 5 0
L -160 -112 -192 -112 2 0 false 5 0
L -160 -144 -192 -144 2 0 false 5 0
L -160 -176 -192 -176 2 1 false 5 0
L -160 -208 -192 -208 2 0 false 5 0
L -160 -240 -192 -240 2 0 false 5 0
L -160 -272 -192 -272 2 0 false 5 0
L -160 -304 -192 -304 2 0 false 5 0
L -160 -336 -192 -336 2 1 false 5 0
L -160 192 -192 192 2 0 false 5 0
L -160 160 -192 160 2 1 false 5 0
L -160 128 -192 128 2 0 false 5 0
L -160 96 -192 96 2 1 false 5 0
L -160 64 -192 64 2 1 false 5 0
L -160 32 -192 32 2 0 false 5 0
L -160 0 -192 0 2 0 false 5 0
L -160 -32 -192 -32 2 0 false 5 0
L -160 496 -192 496 2 0 false 5 0
L -160 464 -192 464 2 0 false 5 0
L -160 432 -192 432 2 0 false 5 0
L -160 400 -192 400 2 0 false 5 0
L -160 368 -192 368 2 0 false 5 0
L -160 336 -192 336 2 1 false 5 0
L -160 304 -192 304 2 1 false 5 0
L -160 272 -192 272 2 0 false 5 0
x -310 -806 -258 -803 4 24 NOP
x -467 -579 -219 -576 4 24 LIRE\sRAM\s->\sWRITE\sA
x -340 86 -242 89 4 24 A\pB\s->\sC
w 32 -944 32 -640 0
w 48 -912 48 -608 0
w 80 -848 80 -544 0
w 64 -880 64 -576 0
w 128 -752 128 -448 0
w 144 -720 144 -416 0
w 112 -784 112 -480 0
w 96 -816 96 -512 0
x -467 382 -217 385 4 24 LIRE\sC\s->\sWRITE\sRAM
x -394 -192 -208 -189 4 18 LIRE\sRAM\s->\sWRITE\sB
w 144 -720 -32 -720 0
w 128 -752 -32 -752 0
w 112 -784 -32 -784 0
w 96 -816 -32 -816 0
w 80 -848 -32 -848 0
w 64 -880 -32 -880 0
w 48 -912 -32 -912 0
w 32 -944 -32 -944 0
w 32 -640 -32 -640 0
w 48 -608 -32 -608 0
w 64 -576 -32 -576 0
w 80 -544 -32 -544 0
w 96 -512 -32 -512 0
w 112 -480 -32 -480 0
w 128 -448 -32 -448 0
w 144 -416 -32 -416 0
w 96 -512 96 -208 0
w 112 -480 112 -176 0
w 144 -416 144 -112 0
w 128 -448 128 -144 0
w 64 -576 64 -272 0
w 80 -544 80 -240 0
w 48 -608 48 -304 0
w 32 -640 32 -336 0
w 32 -336 -32 -336 0
w 48 -304 -32 -304 0
w 64 -272 -32 -272 0
w 80 -240 -32 -240 0
w 96 -208 -32 -208 0
w 112 -176 -32 -176 0
w 128 -144 -32 -144 0
w 144 -112 -32 -112 0
w 96 -208 96 96 0
w 112 -176 112 128 0
w 144 -112 144 192 0
w 128 -144 128 160 0
w 64 -272 64 32 0
w 80 -240 80 64 0
w 48 -304 48 0 0
w 32 -336 32 -32 0
w 32 -32 -32 -32 0
w 48 0 -32 0 0
w 64 32 -32 32 0
w 80 64 -32 64 0
w 96 96 -32 96 0
w 112 128 -32 128 0
w 128 160 -32 160 0
w 144 192 -32 192 0
w 96 96 96 400 0
w 112 128 112 432 0
w 144 192 144 496 0
w 128 160 128 464 0
w 64 32 64 336 0
w 80 64 80 368 0
w 48 0 48 304 0
w 32 -32 32 272 0
w 32 272 -32 272 0
w 48 304 -32 304 0
w 64 336 -32 336 0
w 80 368 -32 368 0
w 96 400 -32 400 0
w 112 432 -32 432 0
w 128 464 -32 464 0
w 144 496 -32 496 0
w 96 400 96 784 0
w 112 432 112 784 0
w 128 464 128 784 0
w 64 336 64 784 0
w 80 368 80 784 0
w 48 304 48 784 0
w 32 272 32 784 0
w 32 -944 32 -1104 0
w 48 -912 48 -1104 0
w 64 -880 64 -1104 0
w 80 -848 80 -1104 0
w 96 -816 96 -1104 0
w 112 -784 112 -1104 0
w 128 -752 128 -1104 0
w 144 -720 144 -1104 0
w 32 -640 240 -640 0
w 48 -608 240 -608 0
w 64 -576 240 -576 0
w 80 -544 240 -544 0
w 96 -512 240 -512 0
w 112 -480 240 -480 0
w 128 -448 240 -448 0
w 144 -416 240 -416 0
207 240 -640 288 -640 4 oeRAM
207 240 -608 288 -608 4 weRAM
207 240 -544 288 -544 4 weC
207 240 -576 288 -576 4 oeC
207 240 -480 288 -480 4 weB
207 240 -512 288 -512 4 oeB
207 240 -416 288 -416 4 weA
207 240 -448 288 -448 4 oeA
419 -848 64 -784 64 0 8
L -1072 224 -1152 224 2 0 false 5 0
L -1072 256 -1152 256 2 0 false 5 0
L -1072 288 -1152 288 2 0 false 5 0
x 159 -660 845 -657 4 120 DECODEUR
b -671 -1164 894 850 0
b -1240 -695 -701 -151 0
x -1057 -9 -825 -6 4 24 Sous-circuit\sdécodeur
b -1184 16 -699 334 0
x 641 -574 851 -571 4 86 3-bits
. decodeur\s3b 1 6 8 11 a0 3 7 2 a1 2 6 2 a2 1 5 2 oeA 62 6 3 oeB 64 4 3 oeC 66 2 3 oeRAM 68 0 3 weA 61 7 3 weB 63 5 3 weC 65 3 3 weRAM 67 1 3 AndGateElm\s4\s5\s6\s7\rInverterElm\s1\s6\rInverterElm\s2\s5\rInverterElm\s3\s4\rInverterElm\s2\s8\rInverterElm\s1\s9\rAndGateElm\s3\s8\s9\s10\rAndGateElm\s11\s2\s12\s13\rInverterElm\s1\s12\rInverterElm\s3\s11\rInverterElm\s2\s14\rAndGateElm\s15\s14\s1\s16\rAndGateElm\s3\s2\s17\s18\rInverterElm\s1\s17\rInverterElm\s3\s15\rCustomCompositeElm\s53\s54\s55\s56\s57\s58\s59\s60\s7\s61\s62\s63\s64\s65\s66\s67\s68\rCustomCompositeElm\s86\s87\s88\s89\s90\s91\s92\s93\s10\s61\s62\s63\s64\s65\s66\s67\s68\rCustomCompositeElm\s111\s112\s113\s114\s115\s116\s117\s118\s18\s61\s62\s63\s64\s65\s66\s67\s68\rCustomCompositeElm\s136\s137\s138\s139\s140\s141\s142\s143\s13\s61\s62\s63\s64\s65\s66\s67\s68\rCustomCompositeElm\s161\s162\s163\s164\s165\s166\s167\s168\s16\s61\s62\s63\s64\s65\s66\s67\s68\rLogicInputElm\s60\rLogicInputElm\s59\rLogicInputElm\s58\rLogicInputElm\s57\rLogicInputElm\s56\rLogicInputElm\s55\rLogicInputElm\s54\rLogicInputElm\s53\rLogicInputElm\s86\rLogicInputElm\s87\rLogicInputElm\s88\rLogicInputElm\s89\rLogicInputElm\s90\rLogicInputElm\s91\rLogicInputElm\s92\rLogicInputElm\s93\rLogicInputElm\s136\rLogicInputElm\s137\rLogicInputElm\s138\rLogicInputElm\s139\rLogicInputElm\s140\rLogicInputElm\s141\rLogicInputElm\s142\rLogicInputElm\s143\rLogicInputElm\s111\rLogicInputElm\s112\rLogicInputElm\s113\rLogicInputElm\s114\rLogicInputElm\s115\rLogicInputElm\s116\rLogicInputElm\s117\rLogicInputElm\s118\rLogicInputElm\s161\rLogicInputElm\s162\rLogicInputElm\s163\rLogicInputElm\s164\rLogicInputElm\s165\rLogicInputElm\s166\rLogicInputElm\s167\rLogicInputElm\s168 0\\s3\\s5\\s5\s0\\s0.5\\s5\s0\\s0.5\\s5\s0\\s0.5\\s5\s0\\s0.5\\s5\s0\\s0.5\\s5\s0\\s3\\s0\\s5\s0\\s3\\s0\\s5\s0\\s0.5\\s5\s0\\s0.5\\s5\s0\\s0.5\\s5\s0\\s3\\s0\\s5\s0\\s3\\s0\\s5\s0\\s0.5\\s5\s0\\s0.5\\s5\s1\\sR4\\s0\\\\s0.1\\\\s10000000000\\\\s100000000\\s0\\\\s0.1\\\\s10000000000\\\\s100000000\\s0\\\\s0.1\\\\s10000000000\\\\s100000000\\s0\\\\s0.1\\\\s10000000000\\\\s100000000\\s2\\\\s8\\\\s0\\\\s0\\\\s0\\\\s0\\\\s0\\\\s0\\\\s0\\\\s0\\s2\\\\s1\\\\sfalse\\\\s5\\\\s0\\s0\\\\s0.1\\\\s10000000000\\\\s100000000\\s0\\\\s0.1\\\\s10000000000\\\\s100000000\\s0\\\\s0.1\\\\s10000000000\\\\s100000000\\s0\\\\s0.1\\\\s10000000000\\\\s100000000\s1\\sR4\\s0\\\\s0.1\\\\s10000000000\\\\s100000000\\s0\\\\s0.1\\\\s10000000000\\\\s100000000\\s0\\\\s0.1\\\\s10000000000\\\\s100000000\\s0\\\\s0.1\\\\s10000000000\\\\s100000000\\s2\\\\s8\\\\s0\\\\s0\\\\s0\\\\s0\\\\s0\\\\s0\\\\s0\\\\s0\\s2\\\\s1\\\\sfalse\\\\s5\\\\s0\\s0\\\\s0.1\\\\s10000000000\\\\s100000000\\s0\\\\s0.1\\\\s10000000000\\\\s100000000\\s0\\\\s0.1\\\\s10000000000\\\\s100000000\\s0\\\\s0.1\\\\s10000000000\\\\s100000000\s1\\sR4\\s0\\\\s0.1\\\\s10000000000\\\\s100000000\\s0\\\\s0.1\\\\s10000000000\\\\s100000000\\s0\\\\s0.1\\\\s10000000000\\\\s100000000\\s0\\\\s0.1\\\\s10000000000\\\\s100000000\\s2\\\\s8\\\\s0\\\\s0\\\\s0\\\\s0\\\\s0\\\\s0\\\\s0\\\\s0\\s2\\\\s1\\\\sfalse\\\\s5\\\\s0\\s0\\\\s0.1\\\\s10000000000\\\\s100000000\\s0\\\\s0.1\\\\s10000000000\\\\s100000000\\s0\\\\s0.1\\\\s10000000000\\\\s100000000\\s0\\\\s0.1\\\\s10000000000\\\\s100000000\s1\\sR4\\s0\\\\s0.1\\\\s10000000000\\\\s100000000\\s0\\\\s0.1\\\\s10000000000\\\\s100000000\\s0\\\\s0.1\\\\s10000000000\\\\s100000000\\s0\\\\s0.1\\\\s10000000000\\\\s100000000\\s2\\\\s8\\\\s0\\\\s0\\\\s0\\\\s0\\\\s0\\\\s0\\\\s0\\\\s0\\s2\\\\s1\\\\sfalse\\\\s5\\\\s0\\s0\\\\s0.1\\\\s10000000000\\\\s100000000\\s0\\\\s0.1\\\\s10000000000\\\\s100000000\\s0\\\\s0.1\\\\s10000000000\\\\s100000000\\s0\\\\s0.1\\\\s10000000000\\\\s100000000\s1\\sR4\\s0\\\\s0.1\\\\s10000000000\\\\s100000000\\s0\\\\s0.1\\\\s10000000000\\\\s100000000\\s0\\\\s0.1\\\\s10000000000\\\\s100000000\\s0\\\\s0.1\\\\s10000000000\\\\s100000000\\s2\\\\s8\\\\s0\\\\s0\\\\s0\\\\s0\\\\s0\\\\s0\\\\s0\\\\s0\\s2\\\\s1\\\\sfalse\\\\s5\\\\s0\\s0\\\\s0.1\\\\s10000000000\\\\s100000000\\s0\\\\s0.1\\\\s10000000000\\\\s100000000\\s0\\\\s0.1\\\\s10000000000\\\\s100000000\\s0\\\\s0.1\\\\s10000000000\\\\s100000000\s2\\s0\\sfalse\\s5\\s0\s2\\s0\\sfalse\\s5\\s0\s2\\s0\\sfalse\\s5\\s0\s2\\s0\\sfalse\\s5\\s0\s2\\s0\\sfalse\\s5\\s0\s2\\s0\\sfalse\\s5\\s0\s2\\s0\\sfalse\\s5\\s0\s2\\s0\\sfalse\\s5\\s0\s2\\s1\\sfalse\\s5\\s0\s2\\s0\\sfalse\\s5\\s0\s2\\s0\\sfalse\\s5\\s0\s2\\s0\\sfalse\\s5\\s0\s2\\s0\\sfalse\\s5\\s0\s2\\s0\\sfalse\\s5\\s0\s2\\s0\\sfalse\\s5\\s0\s2\\s1\\sfalse\\s5\\s0\s2\\s0\\sfalse\\s5\\s0\s2\\s0\\sfalse\\s5\\s0\s2\\s1\\sfalse\\s5\\s0\s2\\s0\\sfalse\\s5\\s0\s2\\s0\\sfalse\\s5\\s0\s2\\s0\\sfalse\\s5\\s0\s2\\s0\\sfalse\\s5\\s0\s2\\s1\\sfalse\\s5\\s0\s2\\s0\\sfalse\\s5\\s0\s2\\s1\\sfalse\\s5\\s0\s2\\s0\\sfalse\\s5\\s0\s2\\s1\\sfalse\\s5\\s0\s2\\s1\\sfalse\\s5\\s0\s2\\s0\\sfalse\\s5\\s0\s2\\s0\\sfalse\\s5\\s0\s2\\s0\\sfalse\\s5\\s0\s2\\s0\\sfalse\\s5\\s0\s2\\s0\\sfalse\\s5\\s0\s2\\s0\\sfalse\\s5\\s0\s2\\s0\\sfalse\\s5\\s0\s2\\s0\\sfalse\\s5\\s0\s2\\s1\\sfalse\\s5\\s0\s2\\s1\\sfalse\\s5\\s0\s2\\s0\\sfalse\\s5\\s0
410 -1072 64 -960 64 1 decodeur\s3b 0\s3\s5\s5 0\s0.5\s5 0\s0.5\s5 0\s0.5\s5 0\s0.5\s5 0\s0.5\s5 0\s3\s0\s5 0\s3\s0\s5 0\s0.5\s5 0\s0.5\s5 0\s0.5\s5 0\s3\s0\s5 0\s3\s0\s5 0\s0.5\s5 0\s0.5\s5 1\sR4\s0\\s0.1\\s10000000000\\s100000000\s0\\s0.1\\s10000000000\\s100000000\s0\\s0.1\\s10000000000\\s100000000\s0\\s0.1\\s10000000000\\s100000000\s2\\s8\\s0\\s0\\s0\\s0\\s0\\s0\\s0\\s0\s2\\s1\\sfalse\\s5\\s0\s0\\s0.1\\s10000000000\\s100000000\s0\\s0.1\\s10000000000\\s100000000\s0\\s0.1\\s10000000000\\s100000000\s0\\s0.1\\s10000000000\\s100000000 1\sR4\s0\\s0.1\\s10000000000\\s100000000\s0\\s0.1\\s10000000000\\s100000000\s0\\s0.1\\s10000000000\\s100000000\s0\\s0.1\\s10000000000\\s100000000\s2\\s8\\s5\\s0\\s0\\s0\\s0\\s0\\s0\\s5\s2\\s1\\sfalse\\s5\\s0\s0\\s0.1\\s10000000000\\s100000000\s0\\s0.1\\s10000000000\\s100000000\s0\\s0.1\\s10000000000\\s100000000\s0\\s0.1\\s10000000000\\s100000000 1\sR4\s0\\s0.1\\s10000000000\\s100000000\s0\\s0.1\\s10000000000\\s100000000\s0\\s0.1\\s10000000000\\s100000000\s0\\s0.1\\s10000000000\\s100000000\s2\\s8\\s0\\s5\\s0\\s5\\s5\\s0\\s0\\s0\s2\\s1\\sfalse\\s5\\s0\s0\\s0.1\\s10000000000\\s100000000\s0\\s0.1\\s10000000000\\s100000000\s0\\s0.1\\s10000000000\\s100000000\s0\\s0.1\\s10000000000\\s100000000 1\sR4\s0\\s0.1\\s10000000000\\s100000000\s0\\s0.1\\s10000000000\\s100000000\s0\\s0.1\\s10000000000\\s100000000\s0\\s0.1\\s10000000000\\s100000000\s2\\s8\\s0\\s0\\s5\\s0\\s0\\s0\\s0\\s5\s2\\s1\\sfalse\\s5\\s0\s0\\s0.1\\s10000000000\\s100000000\s0\\s0.1\\s10000000000\\s100000000\s0\\s0.1\\s10000000000\\s100000000\s0\\s0.1\\s10000000000\\s100000000 1\sR4\s0\\s0.1\\s10000000000\\s100000000\s0\\s0.1\\s10000000000\\s100000000\s0\\s0.1\\s10000000000\\s100000000\s0\\s0.1\\s10000000000\\s100000000\s2\\s8\\s0\\s0\\s0\\s0\\s0\\s5\\s5\\s0\s2\\s1\\sfalse\\s5\\s0\s0\\s0.1\\s10000000000\\s100000000\s0\\s0.1\\s10000000000\\s100000000\s0\\s0.1\\s10000000000\\s100000000\s0\\s0.1\\s10000000000\\s100000000 2\s0\sfalse\s5\s0 2\s0\sfalse\s5\s0 2\s0\sfalse\s5\s0 2\s0\sfalse\s5\s0 2\s0\sfalse\s5\s0 2\s0\sfalse\s5\s0 2\s0\sfalse\s5\s0 2\s0\sfalse\s5\s0 2\s1\sfalse\s5\s0 2\s0\sfalse\s5\s0 2\s0\sfalse\s5\s0 2\s0\sfalse\s5\s0 2\s0\sfalse\s5\s0 2\s0\sfalse\s5\s0 2\s0\sfalse\s5\s0 2\s1\sfalse\s5\s0 2\s0\sfalse\s5\s0 2\s0\sfalse\s5\s0 2\s1\sfalse\s5\s0 2\s0\sfalse\s5\s0 2\s0\sfalse\s5\s0 2\s0\sfalse\s5\s0 2\s0\sfalse\s5\s0 2\s1\sfalse\s5\s0 2\s0\sfalse\s5\s0 2\s1\sfalse\s5\s0 2\s0\sfalse\s5\s0 2\s1\sfalse\s5\s0 2\s1\sfalse\s5\s0 2\s0\sfalse\s5\s0 2\s0\sfalse\s5\s0 2\s0\sfalse\s5\s0 2\s0\sfalse\s5\s0 2\s0\sfalse\s5\s0 2\s0\sfalse\s5\s0 2\s0\sfalse\s5\s0 2\s0\sfalse\s5\s0 2\s1\sfalse\s5\s0 2\s1\sfalse\s5\s0 2\s0\sfalse\s5\s0
