$ 1 0.000005 10.20027730826997 50 5 50 5e-11
f 224 192 272 192 32 1.5 0.02
f 224 288 272 288 32 1.5 0.02
w 272 208 272 240 0
w 272 272 272 240 0
w 224 192 192 192 0
w 224 288 192 288 0
w 272 304 272 352 0
g 272 352 272 384 0 0
r 272 96 272 176 0 1000
R 272 96 272 48 0 0 40 5 0 0 0.5
x 63 166 116 169 4 18 Entrée
x 36 268 150 271 4 18 Output-enable
x 519 149 566 152 4 18 Sortie
x 203 -11 392 -8 4 24 Three\sstate\sbuffer
. non\s(MOSFET\sP) 1 6 1 2 e 1 0 2 s 2 0 3 MosfetElm\s1\s2\s3\rResistorElm\s2\s0\rRailElm\s3 33\\s1.5\\s0.02\s0\\s1000\s0\\s0\\s40\\s5\\s0\\s0\\s0.5
410 272 176 320 176 1 non\s(MOSFET\sP) 33\s1.5\s0.02 0\s1000 0\s0\s40\s5\s0\s0\s0.5
207 496 176 544 176 4 out
207 192 192 144 192 4 in
207 192 288 144 288 4 oe
b 5 15 582 411 0
. 3etats 1 4 3 3 in 1 0 2 oe 4 1 1 out 6 0 3 MosfetElm\s1\s2\s3\rMosfetElm\s4\s0\s2\rResistorElm\s5\s3\rRailElm\s5\rCustomCompositeElm\s3\s6 32\\s1.5\\s0.02\s32\\s1.5\\s0.02\s0\\s1000\s0\\s0\\s40\\s5\\s0\\s0\\s0.5\s1\\snon\\\\s(MOSFET\\\\sP)\\s33\\\\s1.5\\\\s0.02\\s0\\\\s1000\\s0\\\\s0\\\\s40\\\\s5\\\\s0\\\\s0\\\\s0.5
410 208 464 272 448 1 3etats 32\s1.5\s0.02 32\s1.5\s0.02 0\s1000 0\s0\s40\s5\s0\s0\s0.5 1\snon\\s(MOSFET\\sP)\s33\\s1.5\\s0.02\s0\\s1000\s0\\s0\\s40\\s5\\s0\\s0\\s0.5
L 208 464 160 464 2 1 false 5 0
L 272 560 272 592 2 0 false 5 0
M 368 464 416 464 2 2.5
