$ 1 0.000005 10.20027730826997 50 5 43 5e-11
f 224 144 272 144 33 1.5 0.02
w 272 160 272 192 0
r 272 192 272 272 0 1000
g 272 272 272 304 0 0
207 272 192 336 192 4 s
207 224 144 176 144 4 e
x 132 7 409 10 4 24 Circuit\s"non"\s(MOSFET\sP)
R 272 128 272 64 0 0 40 5 0 0 0.5
b 160 48 345 331 0
. non\s(MOSFET\sP) 1 6 1 2 e 1 0 2 s 2 0 3 MosfetElm\s1\s2\s3\rResistorElm\s2\s0\rRailElm\s3 33\\s1.5\\s0.02\s0\\s1000\s0\\s0\\s40\\s5\\s0\\s0\\s0.5
410 144 384 240 384 1 non\s(MOSFET\sP) 33\s1.5\s0.02 0\s1000 0\s0\s40\s5\s0\s0\s0.5
L 144 384 96 384 2 1 false 5 0
M 368 384 416 384 2 2.5
