$ 64 0.000005 1.0312258501325766 50 5 50 5e-11
. Bit\sde\smémoire 1 6 3 3 E 7 0 2 S 4 1 3 we 3 2 2 MosfetElm\s3\s0\s2\rMosfetElm\s3\s0\s1\rMosfetElm\s7\s0\s6\rResistorElm\s8\s6\rMosfetElm\s4\s0\s5\rResistorElm\s8\s5\rResistorElm\s8\s4\rRailElm\s8\rMosfetElm\s5\s0\s4\rMosfetElm\s7\s1\s5\rMosfetElm\s6\s2\s4 32\\s1.5\\s0.02\s32\\s1.5\\s0.02\s32\\s1.5\\s0.02\s0\\s1000\s32\\s1.5\\s0.02\s0\\s1000\s0\\s1000\s0\\s0\\s40\\s5\\s0\\s0\\s0.5\s32\\s1.5\\s0.02\s32\\s1.5\\s0.02\s32\\s1.5\\s0.02
410 224 128 304 128 1 Bit\sde\smémoire 32\s1.5\s0.02 32\s1.5\s0.02 32\s1.5\s0.02 0\s1000 32\s1.5\s0.02 0\s1000 0\s1000 0\s0\s40\s5\s0\s0\s0.5 32\s1.5\s0.02 32\s1.5\s0.02 32\s1.5\s0.02
410 224 288 352 288 1 Bit\sde\smémoire 32\s1.5\s0.02 32\s1.5\s0.02 32\s1.5\s0.02 0\s1000 32\s1.5\s0.02 0\s1000 0\s1000 0\s0\s40\s5\s0\s0\s0.5 32\s1.5\s0.02 32\s1.5\s0.02 32\s1.5\s0.02
410 224 448 352 432 1 Bit\sde\smémoire 32\s1.5\s0.02 32\s1.5\s0.02 32\s1.5\s0.02 0\s1000 32\s1.5\s0.02 0\s1000 0\s1000 0\s0\s40\s5\s0\s0\s0.5 32\s1.5\s0.02 32\s1.5\s0.02 32\s1.5\s0.02
410 224 608 352 592 1 Bit\sde\smémoire 32\s1.5\s0.02 32\s1.5\s0.02 32\s1.5\s0.02 0\s1000 32\s1.5\s0.02 0\s1000 0\s1000 0\s0\s40\s5\s0\s0\s0.5 32\s1.5\s0.02 32\s1.5\s0.02 32\s1.5\s0.02
w -80 432 -16 432 0
w -16 432 -16 192 0
w -16 192 224 192 0
w -16 432 32 432 0
w 32 432 32 352 0
w 32 352 224 352 0
w -16 432 -16 512 0
w -16 512 224 512 0
w -16 512 -16 672 0
w -16 672 224 672 0
w 224 128 -80 128 0
w 224 288 -96 288 0
w -80 128 -80 192 0
w -80 192 -192 192 0
w -96 288 -128 288 0
w -128 288 -128 240 0
w -128 240 -192 240 0
w 224 448 128 448 0
w 128 448 128 384 0
w 128 384 -144 384 0
w -144 384 -160 384 0
w -160 384 -160 288 0
w -160 288 -224 288 0
w -192 240 -224 240 0
w -192 192 -224 192 0
w 224 608 -176 608 0
w -176 608 -192 608 0
w -192 608 -192 336 0
w -192 336 -224 336 0
w -80 432 -240 432 0
x 140 22 358 25 4 48 Registre\s2
w 448 160 560 160 0
w 448 320 560 320 0
w 448 480 560 480 0
w 448 640 560 640 0
207 -224 192 -288 192 4 e3
207 -224 240 -288 240 4 e2
207 -224 288 -288 288 4 e1
207 -224 336 -288 336 4 e0
207 -240 432 -288 432 4 we
207 720 160 768 160 4 s3
207 720 320 768 320 4 s2
207 720 480 768 480 4 s1
207 720 640 768 640 4 s0
w -240 768 512 768 0
w 512 768 624 768 0
w 624 768 624 736 0
w 512 768 512 576 0
w 512 576 624 576 0
w 512 576 512 416 0
w 512 416 624 416 0
w 512 416 512 256 0
w 512 256 624 256 0
207 -240 768 -288 768 4 oe
. non\s(MOSFET\sP) 1 6 1 2 e 1 0 2 s 2 0 3 MosfetElm\s1\s2\s3\rResistorElm\s2\s0\rRailElm\s3 33\\s1.5\\s0.02\s0\\s1000\s0\\s0\\s40\\s5\\s0\\s0\\s0.5
. 3etats 1 4 3 3 in 1 0 2 oe 4 1 1 out 6 0 3 MosfetElm\s1\s2\s3\rMosfetElm\s4\s0\s2\rResistorElm\s5\s3\rRailElm\s5\rCustomCompositeElm\s3\s6 32\\s1.5\\s0.02\s32\\s1.5\\s0.02\s0\\s1000\s0\\s0\\s40\\s5\\s0\\s0\\s0.5\s1\\snon\\\\s(MOSFET\\\\sP)\\s33\\\\s1.5\\\\s0.02\\s0\\\\s1000\\s0\\\\s0\\\\s40\\\\s5\\\\s0\\\\s0\\\\s0.5
410 560 160 608 160 1 3etats 32\s1.5\s0.02 32\s1.5\s0.02 0\s1000 0\s0\s40\s5\s0\s0\s0.5 1\snon\\s(MOSFET\\sP)\s33\\s1.5\\s0.02\s0\\s1000\s0\\s0\\s40\\s5\\s0\\s0\\s0.5
410 560 320 608 320 1 3etats 32\s1.5\s0.02 32\s1.5\s0.02 0\s1000 0\s0\s40\s5\s0\s0\s0.5 1\snon\\s(MOSFET\\sP)\s33\\s1.5\\s0.02\s0\\s1000\s0\\s0\\s40\\s5\\s0\\s0\\s0.5
410 560 480 608 480 1 3etats 32\s1.5\s0.02 32\s1.5\s0.02 0\s1000 0\s0\s40\s5\s0\s0\s0.5 1\snon\\s(MOSFET\\sP)\s33\\s1.5\\s0.02\s0\\s1000\s0\\s0\\s40\\s5\\s0\\s0\\s0.5
410 560 640 608 640 1 3etats 32\s1.5\s0.02 32\s1.5\s0.02 0\s1000 0\s0\s40\s5\s0\s0\s0.5 1\snon\\s(MOSFET\\sP)\s33\\s1.5\\s0.02\s0\\s1000\s0\\s0\\s40\\s5\\s0\\s0\\s0.5
b -336 80 799 795 0
207 -464 192 -416 192 4 e3
207 -464 240 -416 240 4 e2
207 -464 288 -416 288 4 e1
207 -464 336 -416 336 4 e0
L -464 192 -496 192 2 0 false 5 0
L -464 240 -496 240 2 0 false 5 0
L -464 288 -496 288 2 0 false 5 0
L -464 336 -496 336 2 0 false 5 0
L -464 432 -496 432 2 0 false 5 0
207 -464 432 -416 432 4 we
L -464 768 -496 768 2 0 false 5 0
207 -464 768 -416 768 4 oe
. registre2 1 5 7 10 e0 23 6 2 e1 16 5 2 e2 9 4 2 e3 1 3 2 oe 34 1 2 s0 33 6 3 s1 32 5 3 s2 31 4 3 s3 30 3 3 we 3 0 2 CustomCompositeElm\s1\s2\s3\rCustomCompositeElm\s9\s10\s3\rCustomCompositeElm\s16\s17\s3\rCustomCompositeElm\s23\s24\s3\rCustomCompositeElm\s2\s34\s30\rCustomCompositeElm\s10\s34\s31\rCustomCompositeElm\s17\s34\s32\rCustomCompositeElm\s24\s34\s33 1\\sBit\\\\sde\\\\smémoire\\s32\\\\s1.5\\\\s0.02\\s32\\\\s1.5\\\\s0.02\\s32\\\\s1.5\\\\s0.02\\s0\\\\s1000\\s32\\\\s1.5\\\\s0.02\\s0\\\\s1000\\s0\\\\s1000\\s0\\\\s0\\\\s40\\\\s5\\\\s0\\\\s0\\\\s0.5\\s32\\\\s1.5\\\\s0.02\\s32\\\\s1.5\\\\s0.02\\s32\\\\s1.5\\\\s0.02\s1\\sBit\\\\sde\\\\smémoire\\s32\\\\s1.5\\\\s0.02\\s32\\\\s1.5\\\\s0.02\\s32\\\\s1.5\\\\s0.02\\s0\\\\s1000\\s32\\\\s1.5\\\\s0.02\\s0\\\\s1000\\s0\\\\s1000\\s0\\\\s0\\\\s40\\\\s5\\\\s0\\\\s0\\\\s0.5\\s32\\\\s1.5\\\\s0.02\\s32\\\\s1.5\\\\s0.02\\s32\\\\s1.5\\\\s0.02\s1\\sBit\\\\sde\\\\smémoire\\s32\\\\s1.5\\\\s0.02\\s32\\\\s1.5\\\\s0.02\\s32\\\\s1.5\\\\s0.02\\s0\\\\s1000\\s32\\\\s1.5\\\\s0.02\\s0\\\\s1000\\s0\\\\s1000\\s0\\\\s0\\\\s40\\\\s5\\\\s0\\\\s0\\\\s0.5\\s32\\\\s1.5\\\\s0.02\\s32\\\\s1.5\\\\s0.02\\s32\\\\s1.5\\\\s0.02\s1\\sBit\\\\sde\\\\smémoire\\s32\\\\s1.5\\\\s0.02\\s32\\\\s1.5\\\\s0.02\\s32\\\\s1.5\\\\s0.02\\s0\\\\s1000\\s32\\\\s1.5\\\\s0.02\\s0\\\\s1000\\s0\\\\s1000\\s0\\\\s0\\\\s40\\\\s5\\\\s0\\\\s0\\\\s0.5\\s32\\\\s1.5\\\\s0.02\\s32\\\\s1.5\\\\s0.02\\s32\\\\s1.5\\\\s0.02\s1\\s3etats\\s32\\\\s1.5\\\\s0.02\\s32\\\\s1.5\\\\s0.02\\s0\\\\s1000\\s0\\\\s0\\\\s40\\\\s5\\\\s0\\\\s0\\\\s0.5\\s1\\\\snon\\\\\\\\s(MOSFET\\\\\\\\sP)\\\\s33\\\\\\\\s1.5\\\\\\\\s0.02\\\\s0\\\\\\\\s1000\\\\s0\\\\\\\\s0\\\\\\\\s40\\\\\\\\s5\\\\\\\\s0\\\\\\\\s0\\\\\\\\s0.5\s1\\s3etats\\s32\\\\s1.5\\\\s0.02\\s32\\\\s1.5\\\\s0.02\\s0\\\\s1000\\s0\\\\s0\\\\s40\\\\s5\\\\s0\\\\s0\\\\s0.5\\s1\\\\snon\\\\\\\\s(MOSFET\\\\\\\\sP)\\\\s33\\\\\\\\s1.5\\\\\\\\s0.02\\\\s0\\\\\\\\s1000\\\\s0\\\\\\\\s0\\\\\\\\s40\\\\\\\\s5\\\\\\\\s0\\\\\\\\s0\\\\\\\\s0.5\s1\\s3etats\\s32\\\\s1.5\\\\s0.02\\s32\\\\s1.5\\\\s0.02\\s0\\\\s1000\\s0\\\\s0\\\\s40\\\\s5\\\\s0\\\\s0\\\\s0.5\\s1\\\\snon\\\\\\\\s(MOSFET\\\\\\\\sP)\\\\s33\\\\\\\\s1.5\\\\\\\\s0.02\\\\s0\\\\\\\\s1000\\\\s0\\\\\\\\s0\\\\\\\\s40\\\\\\\\s5\\\\\\\\s0\\\\\\\\s0\\\\\\\\s0.5\s1\\s3etats\\s32\\\\s1.5\\\\s0.02\\s32\\\\s1.5\\\\s0.02\\s0\\\\s1000\\s0\\\\s0\\\\s40\\\\s5\\\\s0\\\\s0\\\\s0.5\\s1\\\\snon\\\\\\\\s(MOSFET\\\\\\\\sP)\\\\s33\\\\\\\\s1.5\\\\\\\\s0.02\\\\s0\\\\\\\\s1000\\\\s0\\\\\\\\s0\\\\\\\\s40\\\\\\\\s5\\\\\\\\s0\\\\\\\\s0\\\\\\\\s0.5
410 128 848 384 864 1 registre2 1\sBit\\sde\\smémoire\s32\\s1.5\\s0.02\s32\\s1.5\\s0.02\s32\\s1.5\\s0.02\s0\\s1000\s32\\s1.5\\s0.02\s0\\s1000\s0\\s1000\s0\\s0\\s40\\s5\\s0\\s0\\s0.5\s32\\s1.5\\s0.02\s32\\s1.5\\s0.02\s32\\s1.5\\s0.02 1\sBit\\sde\\smémoire\s32\\s1.5\\s0.02\s32\\s1.5\\s0.02\s32\\s1.5\\s0.02\s0\\s1000\s32\\s1.5\\s0.02\s0\\s1000\s0\\s1000\s0\\s0\\s40\\s5\\s0\\s0\\s0.5\s32\\s1.5\\s0.02\s32\\s1.5\\s0.02\s32\\s1.5\\s0.02 1\sBit\\sde\\smémoire\s32\\s1.5\\s0.02\s32\\s1.5\\s0.02\s32\\s1.5\\s0.02\s0\\s1000\s32\\s1.5\\s0.02\s0\\s1000\s0\\s1000\s0\\s0\\s40\\s5\\s0\\s0\\s0.5\s32\\s1.5\\s0.02\s32\\s1.5\\s0.02\s32\\s1.5\\s0.02 1\sBit\\sde\\smémoire\s32\\s1.5\\s0.02\s32\\s1.5\\s0.02\s32\\s1.5\\s0.02\s0\\s1000\s32\\s1.5\\s0.02\s0\\s1000\s0\\s1000\s0\\s0\\s40\\s5\\s0\\s0\\s0.5\s32\\s1.5\\s0.02\s32\\s1.5\\s0.02\s32\\s1.5\\s0.02 1\s3etats\s32\\s1.5\\s0.02\s32\\s1.5\\s0.02\s0\\s1000\s0\\s0\\s40\\s5\\s0\\s0\\s0.5\s1\\snon\\\\s(MOSFET\\\\sP)\\s33\\\\s1.5\\\\s0.02\\s0\\\\s1000\\s0\\\\s0\\\\s40\\\\s5\\\\s0\\\\s0\\\\s0.5 1\s3etats\s32\\s1.5\\s0.02\s32\\s1.5\\s0.02\s0\\s1000\s0\\s0\\s40\\s5\\s0\\s0\\s0.5\s1\\snon\\\\s(MOSFET\\\\sP)\\s33\\\\s1.5\\\\s0.02\\s0\\\\s1000\\s0\\\\s0\\\\s40\\\\s5\\\\s0\\\\s0\\\\s0.5 1\s3etats\s32\\s1.5\\s0.02\s32\\s1.5\\s0.02\s0\\s1000\s0\\s0\\s40\\s5\\s0\\s0\\s0.5\s1\\snon\\\\s(MOSFET\\\\sP)\\s33\\\\s1.5\\\\s0.02\\s0\\\\s1000\\s0\\\\s0\\\\s40\\\\s5\\\\s0\\\\s0\\\\s0.5 1\s3etats\s32\\s1.5\\s0.02\s32\\s1.5\\s0.02\s0\\s1000\s0\\s0\\s40\\s5\\s0\\s0\\s0.5\s1\\snon\\\\s(MOSFET\\\\sP)\\s33\\\\s1.5\\\\s0.02\\s0\\\\s1000\\s0\\\\s0\\\\s40\\\\s5\\\\s0\\\\s0\\\\s0.5
L 128 848 80 848 2 0 false 5 0
L 128 880 80 880 2 0 false 5 0
L 128 944 80 944 2 0 false 5 0
L 128 976 80 976 2 0 false 5 0
L 128 1008 80 1008 2 0 false 5 0
L 128 1040 80 1040 2 0 false 5 0
M 320 944 368 944 2 2.5
M 320 976 368 976 2 2.5
M 320 1008 368 1008 2 2.5
M 320 1040 368 1040 2 2.5
