$ 64 0.000005 1.0312258501325766 50 5 50 5e-11
207 336 880 400 880 4 oe
168 -16 896 128 896 2 4 0 0 0 0
180 128 848 256 848 0 0.1 10000000000 100000000
180 128 912 256 912 0 0.1 10000000000 100000000
w 80 896 128 848 0
w 80 928 128 912 0
w 80 960 128 976 0
w 80 992 128 1040 0
180 128 976 256 976 0 0.1 10000000000 100000000
180 128 1040 256 1040 0 0.1 10000000000 100000000
w 336 880 224 880 0
w 224 880 192 864 0
w 336 880 336 944 0
w 336 944 224 944 0
w 224 944 192 928 0
w 336 944 336 1008 0
w 336 1008 224 1008 0
w 224 1008 192 992 0
w 336 1008 336 1072 0
w 336 1072 224 1072 0
w 224 1072 192 1056 0
207 256 848 304 848 4 s3
207 256 912 304 912 4 s2
207 256 976 304 976 4 s1
207 256 1040 304 1040 4 s0
207 -16 896 -80 896 4 e3
207 -16 928 -80 928 4 e2
207 -16 960 -80 960 4 e1
207 -16 992 -80 992 4 e0
207 -16 1024 -64 1024 4 we
x 97 773 206 776 4 24 Registre\s3
. R3 1 3 5 10 e0 2 3 2 e1 3 2 2 e2 4 1 2 e3 5 0 2 oe 1 2 1 s0 17 3 3 s1 15 2 3 s2 13 1 3 s3 11 0 3 we 10 0 1 LatchElm\s2\s3\s4\s5\s6\s7\s8\s9\s10\rTriStateElm\s9\s11\s1\rTriStateElm\s8\s13\s1\rTriStateElm\s7\s15\s1\rTriStateElm\s6\s17\s1 2\\s4\\s0\\s0\\s0\\s0\s0\\s0.1\\s10000000000\\s100000000\s0\\s0.1\\s10000000000\\s100000000\s0\\s0.1\\s10000000000\\s100000000\s0\\s0.1\\s10000000000\\s100000000
410 80 1152 256 1168 1 R3 2\s4\s0\s0\s5\s5 0\s0.1\s10000000000\s100000000 0\s0.1\s10000000000\s100000000 0\s0.1\s10000000000\s100000000 0\s0.1\s10000000000\s100000000
b -112 800 412 1104 0
L 80 1152 32 1152 2 0 false 5 0
L 80 1184 32 1184 2 0 false 5 0
L 80 1216 32 1216 2 0 false 5 0
L 80 1248 32 1248 2 0 false 5 0
M 208 1152 256 1152 2 2.5
M 208 1184 256 1184 2 2.5
M 208 1216 256 1216 2 2.5
M 208 1248 256 1248 2 2.5
L 112 1312 112 1344 2 0 false 5 0
L 176 1312 176 1344 2 0 false 5 0
