$ 64 0.000005 1.0312258501325766 50 5 50 5e-11
w 1776 832 1824 832 0
w 1776 672 1776 832 0
w 2048 832 2048 496 0
w 2000 832 2048 832 0
g 1888 832 1888 896 0 0
w 1888 608 1888 704 0
w 1888 832 2000 832 0
w 1824 832 1888 832 0
w 1824 496 1824 832 0
w 2000 736 2000 832 0
w 1888 736 1888 832 0
w 2000 608 2000 704 0
w 1952 784 1952 720 0
w 1616 784 1952 784 0
w 1616 720 1616 784 0
f 1952 720 2000 720 32 1.5 0.02
f 1856 720 1888 720 32 1.5 0.02
w 1616 720 1856 720 0
w 2000 496 2000 576 0
w 1888 496 1888 576 0
w 1952 624 1952 592 0
w 1776 624 1952 624 0
w 1776 656 1776 672 0
w 1616 640 1744 640 0
f 1744 640 1776 640 32 1.5 0.02
w 1776 400 1776 624 0
r 1776 304 1776 400 0 1000
w 1776 304 1824 304 0
w 1616 592 1616 640 0
w 1616 592 1856 592 0
f 2000 480 2048 480 32 1.5 0.02
r 2048 304 2048 400 0 1000
r 1824 304 1824 400 0 1000
w 2048 304 2176 304 0
w 1888 304 2016 304 0
R 1776 304 1680 304 0 0 40 5 0 0 0.5
w 2048 400 2048 432 0
w 2048 400 1968 400 0
f 1888 480 1824 480 32 1.5 0.02
w 1824 400 1904 400 0
w 1904 400 2000 480 0
w 1968 400 1888 480 0
w 1824 400 1824 464 0
w 2048 432 2048 464 0
w 1824 304 1888 304 0
w 2016 304 2048 304 0
f 1856 592 1888 592 32 1.5 0.02
w 1888 496 1888 480 0
f 1952 592 2000 592 32 1.5 0.02
w 2000 480 2000 496 0
x 1441 770 1542 773 4 18 Write-enable
x 1443 568 1496 571 4 18 Entrée
x 1446 377 1493 380 4 18 Sortie
x 1686 228 1954 231 4 40 Bit\sde\smémoire
w 1824 400 1552 400 0
207 1552 400 1504 400 4 S
207 1616 592 1504 592 4 E
207 1616 720 1504 720 4 we
. Bit\sde\smémoire 1 6 3 3 E 7 0 2 S 4 1 3 we 3 2 2 MosfetElm\s3\s0\s2\rMosfetElm\s3\s0\s1\rMosfetElm\s7\s0\s6\rResistorElm\s8\s6\rMosfetElm\s4\s0\s5\rResistorElm\s8\s5\rResistorElm\s8\s4\rRailElm\s8\rMosfetElm\s5\s0\s4\rMosfetElm\s7\s1\s5\rMosfetElm\s6\s2\s4 32\\s1.5\\s0.02\s32\\s1.5\\s0.02\s32\\s1.5\\s0.02\s0\\s1000\s32\\s1.5\\s0.02\s0\\s1000\s0\\s1000\s0\\s0\\s40\\s5\\s0\\s0\\s0.5\s32\\s1.5\\s0.02\s32\\s1.5\\s0.02\s32\\s1.5\\s0.02
410 2288 544 2400 544 1 Bit\sde\smémoire 32\s1.5\s0.02 32\s1.5\s0.02 32\s1.5\s0.02 0\s1000 32\s1.5\s0.02 0\s1000 0\s1000 0\s0\s40\s5\s0\s0\s0.5 32\s1.5\s0.02 32\s1.5\s0.02 32\s1.5\s0.02
L 2288 544 2240 544 2 0 false 5 0
L 2288 608 2240 608 2 0 false 5 0
M 2512 576 2576 576 2 2.5
b 1425 258 2201 924 0
