$ 64 0.000005 1.0312258501325766 50 5 50 5e-11
w -80 432 -16 432 0
w -16 432 -16 192 0
w -16 192 224 192 0
w -16 432 32 432 0
w 32 432 32 352 0
w 32 352 224 352 0
w -16 432 -16 512 0
w -16 512 224 512 0
w -16 512 -16 672 0
w -16 672 224 672 0
w 224 128 -80 128 0
w 224 288 -96 288 0
w -80 128 -80 192 0
w -80 192 -192 192 0
w -96 288 -128 288 0
w -128 288 -128 240 0
w -128 240 -192 240 0
w 224 448 128 448 0
w 128 448 128 384 0
w 128 384 -144 384 0
w -144 384 -160 384 0
w -160 384 -160 288 0
w -160 288 -224 288 0
w -192 240 -224 240 0
w -192 192 -224 192 0
w 224 608 -176 608 0
w -176 608 -192 608 0
w -192 608 -192 336 0
w -192 336 -224 336 0
w -80 432 -272 432 0
x 64 23 242 26 4 48 Registre
w 448 160 560 160 0
w 448 320 560 320 0
w 448 480 560 480 0
w 448 640 560 640 0
207 -224 192 -288 192 4 e3
207 -224 240 -288 240 4 e2
207 -224 288 -288 288 4 e1
207 -224 336 -288 336 4 e0
207 -272 432 -336 432 4 we
207 560 160 608 160 4 s3
207 560 320 608 320 4 s2
207 560 480 608 480 4 s1
207 560 640 608 640 4 s0
. Bit\sde\smémoire 1 6 3 3 E 7 0 2 S 4 1 3 we 3 2 2 MosfetElm\s3\s0\s2\rMosfetElm\s3\s0\s1\rMosfetElm\s7\s0\s6\rResistorElm\s8\s6\rMosfetElm\s4\s0\s5\rResistorElm\s8\s5\rResistorElm\s8\s4\rRailElm\s8\rMosfetElm\s5\s0\s4\rMosfetElm\s7\s1\s5\rMosfetElm\s6\s2\s4 32\\s1.5\\s0.02\s32\\s1.5\\s0.02\s32\\s1.5\\s0.02\s0\\s1000\s32\\s1.5\\s0.02\s0\\s1000\s0\\s1000\s0\\s0\\s40\\s5\\s0\\s0\\s0.5\s32\\s1.5\\s0.02\s32\\s1.5\\s0.02\s32\\s1.5\\s0.02
410 224 128 288 128 1 Bit\sde\smémoire 32\s1.5\s0.02 32\s1.5\s0.02 32\s1.5\s0.02 0\s1000 32\s1.5\s0.02 0\s1000 0\s1000 0\s0\s40\s5\s0\s0\s0.5 32\s1.5\s0.02 32\s1.5\s0.02 32\s1.5\s0.02
410 224 288 288 288 1 Bit\sde\smémoire 32\s1.5\s0.02 32\s1.5\s0.02 32\s1.5\s0.02 0\s1000 32\s1.5\s0.02 0\s1000 0\s1000 0\s0\s40\s5\s0\s0\s0.5 32\s1.5\s0.02 32\s1.5\s0.02 32\s1.5\s0.02
410 224 448 288 448 1 Bit\sde\smémoire 32\s1.5\s0.02 32\s1.5\s0.02 32\s1.5\s0.02 0\s1000 32\s1.5\s0.02 0\s1000 0\s1000 0\s0\s40\s5\s0\s0\s0.5 32\s1.5\s0.02 32\s1.5\s0.02 32\s1.5\s0.02
410 224 608 288 608 1 Bit\sde\smémoire 32\s1.5\s0.02 32\s1.5\s0.02 32\s1.5\s0.02 0\s1000 32\s1.5\s0.02 0\s1000 0\s1000 0\s0\s40\s5\s0\s0\s0.5 32\s1.5\s0.02 32\s1.5\s0.02 32\s1.5\s0.02
. registre 1 4 6 9 e0 5 3 2 e1 4 2 2 e2 3 1 2 e3 2 0 2 s0 9 3 3 s1 8 2 3 s2 7 1 3 s3 6 0 3 we 1 5 2 CustomCompositeElm\s2\s6\s1\rCustomCompositeElm\s3\s7\s1\rCustomCompositeElm\s4\s8\s1\rCustomCompositeElm\s5\s9\s1 1\\sBit\\\\sde\\\\smémoire\\s32\\\\s1.5\\\\s0.02\\s32\\\\s1.5\\\\s0.02\\s32\\\\s1.5\\\\s0.02\\s0\\\\s1000\\s32\\\\s1.5\\\\s0.02\\s0\\\\s1000\\s0\\\\s1000\\s0\\\\s0\\\\s40\\\\s5\\\\s0\\\\s0\\\\s0.5\\s32\\\\s1.5\\\\s0.02\\s32\\\\s1.5\\\\s0.02\\s32\\\\s1.5\\\\s0.02\s1\\sBit\\\\sde\\\\smémoire\\s32\\\\s1.5\\\\s0.02\\s32\\\\s1.5\\\\s0.02\\s32\\\\s1.5\\\\s0.02\\s0\\\\s1000\\s32\\\\s1.5\\\\s0.02\\s0\\\\s1000\\s0\\\\s1000\\s0\\\\s0\\\\s40\\\\s5\\\\s0\\\\s0\\\\s0.5\\s32\\\\s1.5\\\\s0.02\\s32\\\\s1.5\\\\s0.02\\s32\\\\s1.5\\\\s0.02\s1\\sBit\\\\sde\\\\smémoire\\s32\\\\s1.5\\\\s0.02\\s32\\\\s1.5\\\\s0.02\\s32\\\\s1.5\\\\s0.02\\s0\\\\s1000\\s32\\\\s1.5\\\\s0.02\\s0\\\\s1000\\s0\\\\s1000\\s0\\\\s0\\\\s40\\\\s5\\\\s0\\\\s0\\\\s0.5\\s32\\\\s1.5\\\\s0.02\\s32\\\\s1.5\\\\s0.02\\s32\\\\s1.5\\\\s0.02\s1\\sBit\\\\sde\\\\smémoire\\s32\\\\s1.5\\\\s0.02\\s32\\\\s1.5\\\\s0.02\\s32\\\\s1.5\\\\s0.02\\s0\\\\s1000\\s32\\\\s1.5\\\\s0.02\\s0\\\\s1000\\s0\\\\s1000\\s0\\\\s0\\\\s40\\\\s5\\\\s0\\\\s0\\\\s0.5\\s32\\\\s1.5\\\\s0.02\\s32\\\\s1.5\\\\s0.02\\s32\\\\s1.5\\\\s0.02
410 80 800 208 800 1 registre 1\sBit\\sde\\smémoire\s32\\s1.5\\s0.02\s32\\s1.5\\s0.02\s32\\s1.5\\s0.02\s0\\s1000\s32\\s1.5\\s0.02\s0\\s1000\s0\\s1000\s0\\s0\\s40\\s5\\s0\\s0\\s0.5\s32\\s1.5\\s0.02\s32\\s1.5\\s0.02\s32\\s1.5\\s0.02 1\sBit\\sde\\smémoire\s32\\s1.5\\s0.02\s32\\s1.5\\s0.02\s32\\s1.5\\s0.02\s0\\s1000\s32\\s1.5\\s0.02\s0\\s1000\s0\\s1000\s0\\s0\\s40\\s5\\s0\\s0\\s0.5\s32\\s1.5\\s0.02\s32\\s1.5\\s0.02\s32\\s1.5\\s0.02 1\sBit\\sde\\smémoire\s32\\s1.5\\s0.02\s32\\s1.5\\s0.02\s32\\s1.5\\s0.02\s0\\s1000\s32\\s1.5\\s0.02\s0\\s1000\s0\\s1000\s0\\s0\\s40\\s5\\s0\\s0\\s0.5\s32\\s1.5\\s0.02\s32\\s1.5\\s0.02\s32\\s1.5\\s0.02 1\sBit\\sde\\smémoire\s32\\s1.5\\s0.02\s32\\s1.5\\s0.02\s32\\s1.5\\s0.02\s0\\s1000\s32\\s1.5\\s0.02\s0\\s1000\s0\\s1000\s0\\s0\\s40\\s5\\s0\\s0\\s0.5\s32\\s1.5\\s0.02\s32\\s1.5\\s0.02\s32\\s1.5\\s0.02
L 80 800 -16 800 2 0 false 5 0
L 80 832 -16 832 2 0 false 5 0
L 80 864 -16 864 2 0 false 5 0
L 80 896 -16 896 2 0 false 5 0
L 80 960 -16 960 2 0 false 5 0
M 240 800 336 800 2 2.5
M 240 832 336 832 2 2.5
M 240 864 336 864 2 2.5
M 240 896 336 896 2 2.5
207 -496 192 -464 192 4 e3
207 -496 240 -464 240 4 e2
207 -496 288 -464 288 4 e1
207 -496 336 -464 336 4 e0
207 -496 432 -464 432 4 we
L -496 192 -528 192 2 0 false 5 0
L -496 240 -528 240 2 0 false 5 0
L -496 288 -528 288 2 0 false 5 0
L -496 336 -528 336 2 0 false 5 0
L -496 432 -528 432 2 0 false 5 0
b -363 66 665 732 0
