$ 1 0.000005 28.90693621245522 36 5 50 5e-11
L 752 320 720 320 2 1 false 5 0
w 896 288 896 -96 0
w 400 160 464 160 0
w 848 288 896 288 0
w 912 320 912 -112 0
w 368 192 464 192 0
w 896 288 960 288 0
R 336 448 256 448 0 2 100 5 0 0 0.5
w 688 160 752 224 0
w 688 192 752 256 0
w 384 304 128 304 0
w 128 304 128 144 0
I 128 144 128 16 0 0.5 5
w 240 -48 256 -48 0
w 256 -48 256 160 0
w 256 160 400 160 0
w 240 -16 240 192 0
w 240 192 368 192 0
w 384 224 384 304 0
w 912 -112 -80 -112 0
w -80 -112 -80 -16 0
w -80 -16 16 -16 0
w 896 -96 -64 -96 0
w -64 -96 -64 -48 0
w -64 -48 16 -48 0
168 592 160 736 160 2 2 0 0
w 384 224 592 224 0
w 464 192 592 192 0
w 480 160 592 160 0
w 464 160 480 160 0
168 144 -48 288 -48 2 2 5 0
w 16 -48 144 -48 0
w 16 -16 144 -16 0
w 128 16 144 16 0
x 239 -182 688 -179 4 52 Compteur\sjusqu'à\s3
207 960 288 1024 288 4 s1
207 960 320 1024 320 4 s0
w 848 320 912 320 0
w 912 320 960 320 0
207 448 304 528 304 4 e
x 397 326 530 329 4 16 Entrée\s(fréquence)
x 920 277 1041 280 4 16 Sortie\snumérique
419 528 448 576 448 0 2
b 1051 393 -108 -146 0
196 752 224 816 224 2 2
L 752 352 720 352 2 0 false 5 0
L 752 288 720 288 2 0 false 5 0
w 448 304 384 304 0
. compteur(3) 1 5 2 3 e 9 0 2 s0 4 1 3 s1 2 0 3 LogicInputElm\s1\rInverterElm\s9\s10\rLatchElm\s5\s3\s8\s7\s9\rLatchElm\s4\s2\s5\s3\s10\rFullAdderElm\s8\s7\s1\s13\s4\s2\s14\s15\rLogicInputElm\s14\rLogicInputElm\s13 2\\s1\\sfalse\\s5\\s0\s0\\s0.5\\s5\s2\\s2\\s0\\s0\s2\\s2\\s5\\s0\s2\\s2\s2\\s0\\sfalse\\s5\\s0\s2\\s0\\sfalse\\s5\\s0
410 336 448 400 480 1 compteur(3) 2\s1\sfalse\s5\s0 0\s0.5\s5 2\s2\s5\s5 2\s2\s5\s5 2\s2 2\s0\sfalse\s5\s0 2\s0\sfalse\s5\s0
o 7 64 0 4099 5 0.00009765625 0 2 7 3
