$ 1 0.000005 382.76258214399064 36 5 50 5e-11
w 2656 544 2656 624 0
w 2672 560 2672 656 0
150 2768 640 2896 640 0 2 5 5
I 2688 624 2768 624 0 0.5 5
I 2688 656 2768 656 0 0.5 5
w 2688 624 2656 624 0
w 2688 656 2672 656 0
w 2768 736 2672 736 0
w 2688 704 2656 704 0
I 2688 704 2768 704 0 0.5 5
150 2768 720 2896 720 0 2 0 5
150 2768 880 2896 880 0 2 0 5
w 2768 864 2656 864 0
w 2768 896 2672 896 0
w 2688 816 2672 816 0
w 2688 784 2656 784 0
I 2688 816 2768 816 0 0.5 5
150 2768 800 2896 800 0 2 0 5
w 2656 624 2656 704 0
w 2656 704 2656 784 0
w 2656 784 2656 864 0
w 2656 864 2656 960 0
w 2672 656 2672 736 0
w 2672 736 2672 816 0
w 2672 816 2672 896 0
w 2672 896 2672 960 0
w 2688 784 2768 784 0
w 2896 640 2976 528 0
w 2896 720 2976 640 0
w 2896 800 2976 752 0
w 2896 880 2976 864 0
207 2976 560 2928 560 4 a1
207 2976 592 2928 592 4 a0
207 2976 672 2928 672 4 b1
207 2976 704 2928 704 4 b0
207 2976 784 2944 784 4 c1
207 2976 816 2944 816 4 c0
207 2976 896 2944 896 4 d1
207 2976 928 2944 928 4 d0
w 3168 592 3168 560 0
w 3152 560 3152 672 0
w 3168 704 3168 592 0
w 3152 672 3152 736 0
w 3168 752 3168 704 0
w 3152 784 3152 896 0
w 3168 816 3168 928 0
w 3152 896 3152 1024 0
w 3168 928 3168 1024 0
w 3104 928 3168 928 0
w 3104 896 3152 896 0
w 3104 816 3168 816 0
w 3104 784 3152 784 0
w 3104 704 3168 704 0
w 3104 672 3152 672 0
w 3104 592 3168 592 0
w 3104 560 3152 560 0
w 3152 560 3152 464 0
w 3168 560 3168 464 0
w 3152 736 3152 784 0
w 3168 752 3168 816 0
w 3152 736 3232 736 0
w 3168 752 3232 752 0
207 3232 736 3280 736 4 s1
207 3232 752 3280 752 4 s0
w 2352 528 2352 608 0
207 2272 576 2320 576 4 s0
w 2240 608 2208 592 0
w 2352 608 2240 608 0
180 2144 576 2272 576 0 0.1 10000000000 100000000
207 2272 496 2320 496 4 s1
w 2240 528 2208 512 0
w 2352 528 2240 528 0
180 2144 496 2272 496 0 0.1 10000000000 100000000
w 2096 528 2144 576 0
w 2096 496 2144 496 0
L 2000 560 1952 560 2 1 false 5 0
168 2000 496 2144 496 2 2 0 0
207 2000 496 1936 496 4 e1
207 2000 528 1936 528 4 e0
207 2352 528 2400 528 4 oe
x 2031 441 2292 444 4 24 Registre\s3\sen\s2-bits\s(R5)
. R5 1 3 3 5 e0 37 2 2 e1 38 1 2 oe 31 0 2 s0 23 2 3 s1 24 1 3 TriStateElm\s32\s23\s31\rTriStateElm\s34\s24\s31\rLogicInputElm\s36\rLatchElm\s37\s38\s32\s34\s36 0\\s0.1\\s10000000000\\s100000000\s0\\s0.1\\s10000000000\\s100000000\s2\\s1\\sfalse\\s5\\s0\s2\\s2\\s0\\s0
410 2976 528 3008 528 1 R5 0\s0.1\s10000000000\s100000000 0\s0.1\s10000000000\s100000000 2\s1\sfalse\s5\s0 2\s2\s0\s0
410 2976 640 3008 640 1 R5 0\s0.1\s10000000000\s100000000 0\s0.1\s10000000000\s100000000 2\s1\sfalse\s5\s0 2\s2\s5\s0
410 2976 752 3008 752 1 R5 0\s0.1\s10000000000\s100000000 0\s0.1\s10000000000\s100000000 2\s1\sfalse\s5\s0 2\s2\s0\s5
410 2976 864 3008 864 1 R5 0\s0.1\s10000000000\s100000000 0\s0.1\s10000000000\s100000000 2\s1\sfalse\s5\s0 2\s2\s5\s5
207 2656 544 2656 512 4 h1
207 2672 560 2672 512 4 h0
b 1920 464 2415 626 0
x 2454 1012 3129 1015 4 42 DISTRIBUTEUR\sD'INSTRUCTIONS
b 2432 432 3303 1052 0
. distributeur 1 4 8 12 a0 12 1 2 a1 11 0 2 b0 14 3 2 b1 13 2 2 c0 16 5 2 c1 15 4 2 d0 18 7 2 d1 17 6 2 h0 2 3 1 h1 1 2 1 s0 19 5 3 s1 20 4 3 AndGateElm\s3\s4\s5\rInverterElm\s1\s4\rInverterElm\s2\s3\rInverterElm\s1\s6\rAndGateElm\s2\s6\s7\rAndGateElm\s2\s1\s8\rInverterElm\s2\s9\rAndGateElm\s9\s1\s10\rCustomCompositeElm\s12\s11\s5\s19\s20\rCustomCompositeElm\s14\s13\s7\s19\s20\rCustomCompositeElm\s16\s15\s10\s19\s20\rCustomCompositeElm\s18\s17\s8\s19\s20 0\\s2\\s5\\s5\s0\\s0.5\\s5\s0\\s0.5\\s5\s0\\s0.5\\s5\s0\\s2\\s0\\s5\s0\\s2\\s0\\s5\s0\\s0.5\\s5\s0\\s2\\s0\\s5\s1\\sR5\\s0\\\\s0.1\\\\s10000000000\\\\s100000000\\s0\\\\s0.1\\\\s10000000000\\\\s100000000\\s2\\\\s1\\\\sfalse\\\\s5\\\\s0\\s2\\\\s2\\\\s0\\\\s0\s1\\sR5\\s0\\\\s0.1\\\\s10000000000\\\\s100000000\\s0\\\\s0.1\\\\s10000000000\\\\s100000000\\s2\\\\s1\\\\sfalse\\\\s5\\\\s0\\s2\\\\s2\\\\s0\\\\s0\s1\\sR5\\s0\\\\s0.1\\\\s10000000000\\\\s100000000\\s0\\\\s0.1\\\\s10000000000\\\\s100000000\\s2\\\\s1\\\\sfalse\\\\s5\\\\s0\\s2\\\\s2\\\\s0\\\\s0\s1\\sR5\\s0\\\\s0.1\\\\s10000000000\\\\s100000000\\s0\\\\s0.1\\\\s10000000000\\\\s100000000\\s2\\\\s1\\\\sfalse\\\\s5\\\\s0\\s2\\\\s2\\\\s0\\\\s0
410 2160 736 2256 752 1 distributeur 0\s2\s0\s5 0\s0.5\s5 0\s0.5\s5 0\s0.5\s5 0\s2\s0\s5 0\s2\s0\s5 0\s0.5\s5 0\s2\s5\s5 1\sR5\s0\\s0.1\\s10000000000\\s100000000\s0\\s0.1\\s10000000000\\s100000000\s2\\s1\\sfalse\\s5\\s0\s2\\s2\\s0\\s0 1\sR5\s0\\s0.1\\s10000000000\\s100000000\s0\\s0.1\\s10000000000\\s100000000\s2\\s1\\sfalse\\s5\\s0\s2\\s2\\s5\\s0 1\sR5\s0\\s0.1\\s10000000000\\s100000000\s0\\s0.1\\s10000000000\\s100000000\s2\\s1\\sfalse\\s5\\s0\s2\\s2\\s0\\s5 1\sR5\s0\\s0.1\\s10000000000\\s100000000\s0\\s0.1\\s10000000000\\s100000000\s2\\s1\\sfalse\\s5\\s0\s2\\s2\\s5\\s5
. compteur(3) 1 5 2 3 e 9 0 2 s0 4 1 3 s1 2 0 3 LogicInputElm\s1\rInverterElm\s9\s10\rLatchElm\s5\s3\s8\s7\s9\rLatchElm\s4\s2\s5\s3\s10\rFullAdderElm\s8\s7\s1\s13\s4\s2\s14\s15\rLogicInputElm\s14\rLogicInputElm\s13 2\\s1\\sfalse\\s5\\s0\s0\\s0.5\\s5\s2\\s2\\s0\\s0\s2\\s2\\s5\\s0\s2\\s2\s2\\s0\\sfalse\\s5\\s0\s2\\s0\\sfalse\\s5\\s0
410 2048 1024 2064 1024 1 compteur(3) 2\s1\sfalse\s5\s0 0\s0.5\s5 2\s2\s5\s0 2\s2\s0\s5 2\s2 2\s0\sfalse\s5\s0 2\s0\sfalse\s5\s0
w 2240 1024 2256 1024 0
w 2256 1024 2256 992 0
w 2240 1056 2288 1056 0
w 2288 1056 2288 992 0
R 2048 1024 1984 1024 0 2 100 5 0 0 0.5
L 2160 736 2112 736 2 0 false 5 0
L 2160 768 2112 768 2 0 false 5 0
L 2160 800 2112 800 2 0 false 5 0
L 2160 832 2112 832 2 1 false 5 0
L 2160 864 2112 864 2 1 false 5 0
L 2160 896 2112 896 2 0 false 5 0
L 2160 928 2112 928 2 1 false 5 0
L 2160 960 2112 960 2 1 false 5 0
M 2320 864 2368 864 2 2.5
M 2320 896 2368 896 2 2.5
b 2400 1104 1940 696 0
x 2038 679 2288 682 4 24 Sous-circuit\sdistributeur
