$ 1 0.000005 0.7703437568215379 36 5 50 5e-11
207 -304 1168 -352 1168 4 d3
207 -304 1200 -352 1200 4 d2
207 -304 1104 -352 1104 4 c3
207 -304 1136 -352 1136 4 c2
207 -304 1040 -352 1040 4 b3
207 -304 1072 -352 1072 4 b2
207 -304 1008 -352 1008 4 a2
207 -304 976 -352 976 4 a3
207 0 1168 -48 1168 4 d1
207 0 1200 -48 1200 4 d0
207 0 1104 -48 1104 4 c1
207 0 1136 -48 1136 4 c0
207 0 1040 -48 1040 4 b1
207 0 1072 -48 1072 4 b0
207 0 976 -48 976 4 a1
207 0 1008 -48 1008 4 a0
207 -144 1104 -96 1104 4 s3
207 -144 1136 -96 1136 4 s2
207 160 1104 208 1104 4 s1
207 160 1136 208 1136 4 s0
207 128 1232 128 1280 4 h0
207 -176 1232 -176 1280 4 h0
207 -208 1232 -208 1280 4 h1
207 96 1232 96 1280 4 h1
. R5 1 3 3 5 e0 37 2 2 e1 38 1 2 oe 31 0 2 s0 23 2 3 s1 24 1 3 TriStateElm\s32\s23\s31\rTriStateElm\s34\s24\s31\rLogicInputElm\s36\rLatchElm\s37\s38\s32\s34\s36 0\\s0.1\\s10000000000\\s100000000\s0\\s0.1\\s10000000000\\s100000000\s2\\s1\\sfalse\\s5\\s0\s2\\s2\\s0\\s0
. distributeur 1 4 8 12 a0 12 1 2 a1 11 0 2 b0 14 3 2 b1 13 2 2 c0 16 5 2 c1 15 4 2 d0 18 7 2 d1 17 6 2 h0 2 3 1 h1 1 2 1 s0 19 5 3 s1 20 4 3 AndGateElm\s3\s4\s5\rInverterElm\s1\s4\rInverterElm\s2\s3\rInverterElm\s1\s6\rAndGateElm\s2\s6\s7\rAndGateElm\s2\s1\s8\rInverterElm\s2\s9\rAndGateElm\s9\s1\s10\rCustomCompositeElm\s12\s11\s5\s19\s20\rCustomCompositeElm\s14\s13\s7\s19\s20\rCustomCompositeElm\s16\s15\s10\s19\s20\rCustomCompositeElm\s18\s17\s8\s19\s20 0\\s2\\s5\\s5\s0\\s0.5\\s5\s0\\s0.5\\s5\s0\\s0.5\\s5\s0\\s2\\s0\\s5\s0\\s2\\s0\\s5\s0\\s0.5\\s5\s0\\s2\\s0\\s5\s1\\sR5\\s0\\\\s0.1\\\\s10000000000\\\\s100000000\\s0\\\\s0.1\\\\s10000000000\\\\s100000000\\s2\\\\s1\\\\sfalse\\\\s5\\\\s0\\s2\\\\s2\\\\s0\\\\s0\s1\\sR5\\s0\\\\s0.1\\\\s10000000000\\\\s100000000\\s0\\\\s0.1\\\\s10000000000\\\\s100000000\\s2\\\\s1\\\\sfalse\\\\s5\\\\s0\\s2\\\\s2\\\\s0\\\\s0\s1\\sR5\\s0\\\\s0.1\\\\s10000000000\\\\s100000000\\s0\\\\s0.1\\\\s10000000000\\\\s100000000\\s2\\\\s1\\\\sfalse\\\\s5\\\\s0\\s2\\\\s2\\\\s0\\\\s0\s1\\sR5\\s0\\\\s0.1\\\\s10000000000\\\\s100000000\\s0\\\\s0.1\\\\s10000000000\\\\s100000000\\s2\\\\s1\\\\sfalse\\\\s5\\\\s0\\s2\\\\s2\\\\s0\\\\s0
410 0 976 32 976 1 distributeur 0\s2\s5\s5 0\s0.5\s5 0\s0.5\s5 0\s0.5\s5 0\s2\s0\s5 0\s2\s0\s5 0\s0.5\s5 0\s2\s0\s5 1\sR5\s0\\s0.1\\s10000000000\\s100000000\s0\\s0.1\\s10000000000\\s100000000\s2\\s1\\sfalse\\s5\\s0\s2\\s2\\s0\\s0 1\sR5\s0\\s0.1\\s10000000000\\s100000000\s0\\s0.1\\s10000000000\\s100000000\s2\\s1\\sfalse\\s5\\s0\s2\\s2\\s0\\s0 1\sR5\s0\\s0.1\\s10000000000\\s100000000\s0\\s0.1\\s10000000000\\s100000000\s2\\s1\\sfalse\\s5\\s0\s2\\s2\\s0\\s0 1\sR5\s0\\s0.1\\s10000000000\\s100000000\s0\\s0.1\\s10000000000\\s100000000\s2\\s1\\sfalse\\s5\\s0\s2\\s2\\s0\\s0
410 -304 976 -272 976 1 distributeur 0\s2\s5\s5 0\s0.5\s5 0\s0.5\s5 0\s0.5\s5 0\s2\s0\s5 0\s2\s0\s5 0\s0.5\s5 0\s2\s0\s5 1\sR5\s0\\s0.1\\s10000000000\\s100000000\s0\\s0.1\\s10000000000\\s100000000\s2\\s1\\sfalse\\s5\\s0\s2\\s2\\s0\\s0 1\sR5\s0\\s0.1\\s10000000000\\s100000000\s0\\s0.1\\s10000000000\\s100000000\s2\\s1\\sfalse\\s5\\s0\s2\\s2\\s0\\s0 1\sR5\s0\\s0.1\\s10000000000\\s100000000\s0\\s0.1\\s10000000000\\s100000000\s2\\s1\\sfalse\\s5\\s0\s2\\s2\\s0\\s0 1\sR5\s0\\s0.1\\s10000000000\\s100000000\s0\\s0.1\\s10000000000\\s100000000\s2\\s1\\sfalse\\s5\\s0\s2\\s2\\s0\\s0
b -374 929 221 1295 0
x -374 921 -139 924 4 42 INTERFACE
L 544 992 512 992 2 0 false 5 0
L 544 1024 512 1024 2 0 false 5 0
L 544 1056 512 1056 2 0 false 5 0
L 544 1088 512 1088 2 1 false 5 0
L 544 1248 512 1248 2 0 false 5 0
L 544 1216 512 1216 2 1 false 5 0
L 544 1184 512 1184 2 1 false 5 0
L 544 1152 512 1152 2 0 false 5 0
L 544 1408 512 1408 2 1 false 5 0
L 544 1376 512 1376 2 1 false 5 0
L 544 1344 512 1344 2 0 false 5 0
L 544 1312 512 1312 2 1 false 5 0
L 544 1568 512 1568 2 1 false 5 0
L 544 1536 512 1536 2 1 false 5 0
L 544 1504 512 1504 2 1 false 5 0
L 544 1472 512 1472 2 1 false 5 0
M 736 992 768 992 2 2.5
M 736 1024 768 1024 2 2.5
M 736 1088 768 1088 2 2.5
M 736 1120 768 1120 2 2.5
. compteur(3) 1 5 2 3 e 9 0 2 s0 4 1 3 s1 2 0 3 LogicInputElm\s1\rInverterElm\s9\s10\rLatchElm\s5\s3\s8\s7\s9\rLatchElm\s4\s2\s5\s3\s10\rFullAdderElm\s8\s7\s1\s13\s4\s2\s14\s15\rLogicInputElm\s14\rLogicInputElm\s13 2\\s1\\sfalse\\s5\\s0\s0\\s0.5\\s5\s2\\s2\\s0\\s0\s2\\s2\\s5\\s0\s2\\s2\s2\\s0\\sfalse\\s5\\s0\s2\\s0\\sfalse\\s5\\s0
410 464 1616 544 1616 1 compteur(3) 2\s1\sfalse\s5\s0 0\s0.5\s5 2\s2\s0\s0 2\s2\s5\s0 2\s2 2\s0\sfalse\s5\s0 2\s0\sfalse\s5\s0
R 464 1616 400 1616 0 2 1000 5 0 0 0.5
w 656 1616 672 1616 0
w 672 1616 672 1600 0
w 656 1648 704 1648 0
w 704 1648 704 1600 0
. interface 1 5 19 22 a0 16 3 2 a1 15 2 2 a2 7 1 2 a3 8 0 2 b0 14 8 2 b1 13 7 2 b2 6 6 2 b3 5 5 2 c0 12 13 2 c1 11 12 2 c2 4 11 2 c3 3 10 2 d0 10 18 2 d1 9 17 2 d2 2 16 2 d3 1 15 2 h0 21 4 1 h1 22 3 1 s0 20 1 3 s1 19 0 3 s2 18 4 3 s3 17 3 3 CustomCompositeElm\s16\s15\s14\s13\s12\s11\s10\s9\s21\s22\s20\s19\rCustomCompositeElm\s7\s8\s6\s5\s4\s3\s2\s1\s21\s22\s18\s17 1\\sdistributeur\\s0\\\\s2\\\\s5\\\\s5\\s0\\\\s0.5\\\\s5\\s0\\\\s0.5\\\\s5\\s0\\\\s0.5\\\\s5\\s0\\\\s2\\\\s0\\\\s5\\s0\\\\s2\\\\s0\\\\s5\\s0\\\\s0.5\\\\s5\\s0\\\\s2\\\\s0\\\\s5\\s1\\\\sR5\\\\s0\\\\\\\\s0.1\\\\\\\\s10000000000\\\\\\\\s100000000\\\\s0\\\\\\\\s0.1\\\\\\\\s10000000000\\\\\\\\s100000000\\\\s2\\\\\\\\s1\\\\\\\\sfalse\\\\\\\\s5\\\\\\\\s0\\\\s2\\\\\\\\s2\\\\\\\\s0\\\\\\\\s0\\s1\\\\sR5\\\\s0\\\\\\\\s0.1\\\\\\\\s10000000000\\\\\\\\s100000000\\\\s0\\\\\\\\s0.1\\\\\\\\s10000000000\\\\\\\\s100000000\\\\s2\\\\\\\\s1\\\\\\\\sfalse\\\\\\\\s5\\\\\\\\s0\\\\s2\\\\\\\\s2\\\\\\\\s0\\\\\\\\s0\\s1\\\\sR5\\\\s0\\\\\\\\s0.1\\\\\\\\s10000000000\\\\\\\\s100000000\\\\s0\\\\\\\\s0.1\\\\\\\\s10000000000\\\\\\\\s100000000\\\\s2\\\\\\\\s1\\\\\\\\sfalse\\\\\\\\s5\\\\\\\\s0\\\\s2\\\\\\\\s2\\\\\\\\s0\\\\\\\\s0\\s1\\\\sR5\\\\s0\\\\\\\\s0.1\\\\\\\\s10000000000\\\\\\\\s100000000\\\\s0\\\\\\\\s0.1\\\\\\\\s10000000000\\\\\\\\s100000000\\\\s2\\\\\\\\s1\\\\\\\\sfalse\\\\\\\\s5\\\\\\\\s0\\\\s2\\\\\\\\s2\\\\\\\\s0\\\\\\\\s0\s1\\sdistributeur\\s0\\\\s2\\\\s5\\\\s5\\s0\\\\s0.5\\\\s5\\s0\\\\s0.5\\\\s5\\s0\\\\s0.5\\\\s5\\s0\\\\s2\\\\s0\\\\s5\\s0\\\\s2\\\\s0\\\\s5\\s0\\\\s0.5\\\\s5\\s0\\\\s2\\\\s0\\\\s5\\s1\\\\sR5\\\\s0\\\\\\\\s0.1\\\\\\\\s10000000000\\\\\\\\s100000000\\\\s0\\\\\\\\s0.1\\\\\\\\s10000000000\\\\\\\\s100000000\\\\s2\\\\\\\\s1\\\\\\\\sfalse\\\\\\\\s5\\\\\\\\s0\\\\s2\\\\\\\\s2\\\\\\\\s0\\\\\\\\s0\\s1\\\\sR5\\\\s0\\\\\\\\s0.1\\\\\\\\s10000000000\\\\\\\\s100000000\\\\s0\\\\\\\\s0.1\\\\\\\\s10000000000\\\\\\\\s100000000\\\\s2\\\\\\\\s1\\\\\\\\sfalse\\\\\\\\s5\\\\\\\\s0\\\\s2\\\\\\\\s2\\\\\\\\s0\\\\\\\\s0\\s1\\\\sR5\\\\s0\\\\\\\\s0.1\\\\\\\\s10000000000\\\\\\\\s100000000\\\\s0\\\\\\\\s0.1\\\\\\\\s10000000000\\\\\\\\s100000000\\\\s2\\\\\\\\s1\\\\\\\\sfalse\\\\\\\\s5\\\\\\\\s0\\\\s2\\\\\\\\s2\\\\\\\\s0\\\\\\\\s0\\s1\\\\sR5\\\\s0\\\\\\\\s0.1\\\\\\\\s10000000000\\\\\\\\s100000000\\\\s0\\\\\\\\s0.1\\\\\\\\s10000000000\\\\\\\\s100000000\\\\s2\\\\\\\\s1\\\\\\\\sfalse\\\\\\\\s5\\\\\\\\s0\\\\s2\\\\\\\\s2\\\\\\\\s0\\\\\\\\s0
410 544 992 576 992 1 interface 1\sdistributeur\s0\\s2\\s0\\s5\s0\\s0.5\\s5\s0\\s0.5\\s5\s0\\s0.5\\s5\s0\\s2\\s5\\s5\s0\\s2\\s0\\s5\s0\\s0.5\\s5\s0\\s2\\s0\\s5\s1\\sR5\\s0\\\\s0.1\\\\s10000000000\\\\s100000000\\s0\\\\s0.1\\\\s10000000000\\\\s100000000\\s2\\\\s1\\\\sfalse\\\\s5\\\\s0\\s2\\\\s2\\\\s5\\\\s0\s1\\sR5\\s0\\\\s0.1\\\\s10000000000\\\\s100000000\\s0\\\\s0.1\\\\s10000000000\\\\s100000000\\s2\\\\s1\\\\sfalse\\\\s5\\\\s0\\s2\\\\s2\\\\s0\\\\s5\s1\\sR5\\s0\\\\s0.1\\\\s10000000000\\\\s100000000\\s0\\\\s0.1\\\\s10000000000\\\\s100000000\\s2\\\\s1\\\\sfalse\\\\s5\\\\s0\\s2\\\\s2\\\\s5\\\\s5\s1\\sR5\\s0\\\\s0.1\\\\s10000000000\\\\s100000000\\s0\\\\s0.1\\\\s10000000000\\\\s100000000\\s2\\\\s1\\\\sfalse\\\\s5\\\\s0\\s2\\\\s2\\\\s5\\\\s5 1\sdistributeur\s0\\s2\\s0\\s5\s0\\s0.5\\s5\s0\\s0.5\\s5\s0\\s0.5\\s5\s0\\s2\\s5\\s5\s0\\s2\\s0\\s5\s0\\s0.5\\s5\s0\\s2\\s0\\s5\s1\\sR5\\s0\\\\s0.1\\\\s10000000000\\\\s100000000\\s0\\\\s0.1\\\\s10000000000\\\\s100000000\\s2\\\\s1\\\\sfalse\\\\s5\\\\s0\\s2\\\\s2\\\\s0\\\\s0\s1\\sR5\\s0\\\\s0.1\\\\s10000000000\\\\s100000000\\s0\\\\s0.1\\\\s10000000000\\\\s100000000\\s2\\\\s1\\\\sfalse\\\\s5\\\\s0\\s2\\\\s2\\\\s5\\\\s0\s1\\sR5\\s0\\\\s0.1\\\\s10000000000\\\\s100000000\\s0\\\\s0.1\\\\s10000000000\\\\s100000000\\s2\\\\s1\\\\sfalse\\\\s5\\\\s0\\s2\\\\s2\\\\s0\\\\s5\s1\\sR5\\s0\\\\s0.1\\\\s10000000000\\\\s100000000\\s0\\\\s0.1\\\\s10000000000\\\\s100000000\\s2\\\\s1\\\\sfalse\\\\s5\\\\s0\\s2\\\\s2\\\\s5\\\\s5
b 683 970 787 1050 0
b 682 1066 786 1146 0
x 681 960 834 963 4 18 Sortie\sde\sl'adresse\s
x 726 1167 977 1170 4 18 Sortie\sde\sl'instruction\sà\sdécoder
b 491 974 595 1038 0
b 490 1042 594 1106 0
x 490 967 638 970 4 16 indice\sde\sl'instruction
x 416 1120 538 1123 4 14 adresse\sde\sla\sRAM\s
x 415 1134 555 1137 4 14 associée\sà\sl'instruction
x 333 1050 456 1053 4 18 1ère\sinstruction
x 338 1210 470 1213 4 18 2ème\sinstruction
x 340 1522 472 1525 4 18 4ème\sinstruction
x 335 1362 467 1365 4 18 3ème\sinstruction
b 304 928 995 1689 0
x 482 895 780 898 4 32 Sous-circuit\sinterface
