$ 1 0.000005 382.76258214399064 50 5 50 5e-11
w 112 -112 112 576 0
w 128 -80 128 576 0
w 144 -48 144 576 0
w 160 -16 160 576 0
413 224 -144 320 -144 0 4 4 0 0 2 3 0 -1 -2
w 160 -16 160 -160 0
w 144 -48 144 -160 0
w 128 -80 128 -160 0
w 112 -112 112 -160 0
w 224 -112 112 -112 0
w 224 -80 128 -80 0
w 224 -48 144 -48 0
w 224 -16 160 -16 0
w 320 -144 320 -176 0
w 320 -176 192 -176 0
w 224 -144 208 -144 0
w 208 -144 208 48 0
w 192 -176 192 48 0
x -58 565 90 568 4 24 bus\sd'adresse
w 224 144 224 576 0
w 240 128 240 576 0
w 256 224 256 576 0
w 272 208 272 576 0
w 288 128 288 576 0
w 304 112 304 576 0
w 320 32 320 560 0
w 336 32 336 544 0
x 431 963 601 966 4 24 bus\sde\sdonnées
w 496 288 496 -48 0
w 512 320 512 -16 0
w 528 304 528 16 0
w 544 288 544 48 0
w 784 -176 992 -176 0
w 800 -160 976 -160 0
w 816 -144 960 -144 0
w 832 -128 944 -128 0
. R3 1 3 5 10 e0 2 3 2 e1 3 2 2 e2 4 1 2 e3 5 0 2 oe 1 2 1 s0 17 3 3 s1 15 2 3 s2 13 1 3 s3 11 0 3 we 10 0 1 LatchElm\s2\s3\s4\s5\s6\s7\s8\s9\s10\rTriStateElm\s9\s11\s1\rTriStateElm\s8\s13\s1\rTriStateElm\s7\s15\s1\rTriStateElm\s6\s17\s1 2\\s4\\s0\\s0\\s0\\s0\s0\\s0.1\\s10000000000\\s100000000\s0\\s0.1\\s10000000000\\s100000000\s0\\s0.1\\s10000000000\\s100000000\s0\\s0.1\\s10000000000\\s100000000
410 640 384 784 384 1 R3 2\s4\s0\s0\s0\s0 0\s0.1\s10000000000\s100000000 0\s0.1\s10000000000\s100000000 0\s0.1\s10000000000\s100000000 0\s0.1\s10000000000\s100000000
410 656 -48 800 -48 1 R3 2\s4\s5\s5\s0\s0 0\s0.1\s10000000000\s100000000 0\s0.1\s10000000000\s100000000 0\s0.1\s10000000000\s100000000 0\s0.1\s10000000000\s100000000
410 1008 48 1152 48 1 R3 2\s4\s0\s0\s0\s0 0\s0.1\s10000000000\s100000000 0\s0.1\s10000000000\s100000000 0\s0.1\s10000000000\s100000000 0\s0.1\s10000000000\s100000000
w 640 480 544 480 0
w 640 448 528 448 0
w 640 416 512 416 0
w 640 384 496 384 0
w 496 384 496 560 0
w 512 416 512 560 0
w 528 448 528 560 0
w 544 480 544 560 0
w 736 544 736 560 0
w 672 544 336 544 0
w 336 544 336 576 0
w 736 560 320 560 0
w 320 560 320 576 0
w 544 288 544 480 0
w 496 336 496 288 0
w 512 320 512 416 0
w 528 304 528 448 0
w 688 112 304 112 0
w 752 112 752 128 0
w 752 128 288 128 0
w 304 112 304 32 0
w 288 128 288 32 0
w 656 -48 496 -48 0
w 512 -16 656 -16 0
w 528 16 656 16 0
w 544 48 656 48 0
w 544 48 544 -80 0
w 528 -96 528 16 0
w 512 -112 512 -16 0
w 496 -128 496 -48 0
w 784 -176 496 -176 0
w 800 -160 512 -160 0
w 816 -144 528 -144 0
w 832 -128 544 -128 0
w 1136 -176 1136 48 0
w 1136 144 1184 144 0
w 1136 80 1152 80 0
w 1152 80 1152 -160 0
w 1136 112 1168 112 0
w 1168 112 1168 -144 0
w 1184 144 1184 -128 0
w 1136 -176 1264 -176 0
w 1152 -160 1264 -160 0
w 1168 -144 1264 -144 0
w 1184 -128 1264 -128 0
w 992 -176 1136 -176 0
w 976 -160 1152 -160 0
w 960 -144 1168 -144 0
w 944 -128 1184 -128 0
w 496 384 496 336 0
w 1040 208 272 208 0
w 1104 208 1104 224 0
w 1104 224 256 224 0
w 272 208 272 32 0
w 256 224 256 32 0
w 208 128 240 128 0
w 192 144 224 144 0
w 240 128 240 32 0
w 224 32 224 144 0
L 112 576 112 624 2 0 false 5 0
w 320 -112 352 -112 0
w 352 -112 352 -128 0
w 320 -80 368 -80 0
w 368 -80 368 -112 0
w 320 -48 384 -48 0
w 384 -48 384 -96 0
w 320 -16 400 -16 0
w 400 -16 400 -80 0
w 400 -80 544 -80 0
w 384 -96 528 -96 0
w 368 -112 512 -112 0
w 352 -128 496 -128 0
I 192 112 192 48 0 0.5 5
w 192 144 192 112 0
I 208 112 208 48 0 0.5 5
w 208 128 208 112 0
w 496 -128 496 -176 0
w 512 -160 512 -112 0
w 528 -144 528 -96 0
w 544 -128 544 -80 0
L 128 576 128 624 2 0 false 5 0
x -497 -245 738 -242 4 128 PETIT\sORDINATEUR
x 765 545 782 548 4 26 A
x 702 163 719 166 4 26 B
x 1129 197 1147 200 4 26 C
x 341 -156 394 -153 4 24 RAM
L 624 672 624 704 2 0 false 5 0
180 672 592 592 592 0 0.1 10000000000 100000000
L 672 592 720 592 2 0 false 5 0
w 592 592 544 592 0
w 592 608 528 608 0
L 672 608 720 608 2 0 false 5 0
180 672 608 592 608 0 0.1 10000000000 100000000
w 592 624 512 624 0
L 672 624 720 624 2 1 false 5 0
180 672 624 592 624 0 0.1 10000000000 100000000
w 592 640 496 640 0
L 672 640 720 640 2 0 false 5 0
180 672 640 592 640 0 0.1 10000000000 100000000
w 544 560 544 592 0
w 528 560 528 608 0
w 512 560 512 624 0
w 496 560 496 640 0
w 624 576 624 592 0
w 624 592 624 608 0
w 624 608 624 624 0
w 624 624 624 672 0
w 496 640 496 720 0
w 512 624 512 720 0
w 528 608 528 720 0
w 544 592 544 720 0
x 656 678 832 681 4 24 Injection\sdonnée
x 635 714 723 717 4 18 Out\senable
L -288 688 -336 688 2 0 false 5 0
L -288 720 -336 720 2 0 false 5 0
L -288 848 -336 848 2 0 false 5 0
L -288 880 -336 880 2 1 false 5 0
L -288 1008 -336 1008 2 1 false 5 0
L -288 1040 -336 1040 2 0 false 5 0
L -288 1168 -336 1168 2 1 false 5 0
L -288 1200 -336 1200 2 1 false 5 0
L -288 752 -336 752 2 0 false 5 0
L -288 784 -336 784 2 1 false 5 0
L -288 912 -336 912 2 1 false 5 0
L -288 944 -336 944 2 0 false 5 0
L -288 1072 -336 1072 2 1 false 5 0
L -288 1104 -336 1104 2 1 false 5 0
196 848 256 912 256 2 4
w 832 -48 784 -48 0
w 784 -16 816 -16 0
w 784 16 800 16 0
w 784 48 784 352 0
w 768 384 848 384 0
w 768 416 848 416 0
w 768 448 848 448 0
w 768 480 848 480 0
L 848 512 816 512 2 0 false 5 0
M 944 256 944 288 2 2.5
419 624 800 688 800 0 4
. R5 1 3 3 5 e0 37 2 2 e1 38 1 2 oe 31 0 2 s0 23 2 3 s1 24 1 3 TriStateElm\s32\s23\s31\rTriStateElm\s34\s24\s31\rLogicInputElm\s36\rLatchElm\s37\s38\s32\s34\s36 0\\s0.1\\s10000000000\\s100000000\s0\\s0.1\\s10000000000\\s100000000\s2\\s1\\sfalse\\s5\\s0\s2\\s2\\s0\\s0
. distributeur 1 4 8 12 a0 12 1 2 a1 11 0 2 b0 14 3 2 b1 13 2 2 c0 16 5 2 c1 15 4 2 d0 18 7 2 d1 17 6 2 h0 2 3 1 h1 1 2 1 s0 19 5 3 s1 20 4 3 AndGateElm\s3\s4\s5\rInverterElm\s1\s4\rInverterElm\s2\s3\rInverterElm\s1\s6\rAndGateElm\s2\s6\s7\rAndGateElm\s2\s1\s8\rInverterElm\s2\s9\rAndGateElm\s9\s1\s10\rCustomCompositeElm\s12\s11\s5\s19\s20\rCustomCompositeElm\s14\s13\s7\s19\s20\rCustomCompositeElm\s16\s15\s10\s19\s20\rCustomCompositeElm\s18\s17\s8\s19\s20 0\\s2\\s5\\s5\s0\\s0.5\\s5\s0\\s0.5\\s5\s0\\s0.5\\s5\s0\\s2\\s0\\s5\s0\\s2\\s0\\s5\s0\\s0.5\\s5\s0\\s2\\s0\\s5\s1\\sR5\\s0\\\\s0.1\\\\s10000000000\\\\s100000000\\s0\\\\s0.1\\\\s10000000000\\\\s100000000\\s2\\\\s1\\\\sfalse\\\\s5\\\\s0\\s2\\\\s2\\\\s0\\\\s0\s1\\sR5\\s0\\\\s0.1\\\\s10000000000\\\\s100000000\\s0\\\\s0.1\\\\s10000000000\\\\s100000000\\s2\\\\s1\\\\sfalse\\\\s5\\\\s0\\s2\\\\s2\\\\s0\\\\s0\s1\\sR5\\s0\\\\s0.1\\\\s10000000000\\\\s100000000\\s0\\\\s0.1\\\\s10000000000\\\\s100000000\\s2\\\\s1\\\\sfalse\\\\s5\\\\s0\\s2\\\\s2\\\\s0\\\\s0\s1\\sR5\\s0\\\\s0.1\\\\s10000000000\\\\s100000000\\s0\\\\s0.1\\\\s10000000000\\\\s100000000\\s2\\\\s1\\\\sfalse\\\\s5\\\\s0\\s2\\\\s2\\\\s0\\\\s0
. interface 1 5 19 22 a0 16 3 2 a1 15 2 2 a2 7 1 2 a3 8 0 2 b0 14 8 2 b1 13 7 2 b2 6 6 2 b3 5 5 2 c0 12 13 2 c1 11 12 2 c2 4 11 2 c3 3 10 2 d0 10 18 2 d1 9 17 2 d2 2 16 2 d3 1 15 2 h0 21 4 1 h1 22 3 1 s0 20 1 3 s1 19 0 3 s2 18 4 3 s3 17 3 3 CustomCompositeElm\s16\s15\s14\s13\s12\s11\s10\s9\s21\s22\s20\s19\rCustomCompositeElm\s7\s8\s6\s5\s4\s3\s2\s1\s21\s22\s18\s17 1\\sdistributeur\\s0\\\\s2\\\\s5\\\\s5\\s0\\\\s0.5\\\\s5\\s0\\\\s0.5\\\\s5\\s0\\\\s0.5\\\\s5\\s0\\\\s2\\\\s0\\\\s5\\s0\\\\s2\\\\s0\\\\s5\\s0\\\\s0.5\\\\s5\\s0\\\\s2\\\\s0\\\\s5\\s1\\\\sR5\\\\s0\\\\\\\\s0.1\\\\\\\\s10000000000\\\\\\\\s100000000\\\\s0\\\\\\\\s0.1\\\\\\\\s10000000000\\\\\\\\s100000000\\\\s2\\\\\\\\s1\\\\\\\\sfalse\\\\\\\\s5\\\\\\\\s0\\\\s2\\\\\\\\s2\\\\\\\\s0\\\\\\\\s0\\s1\\\\sR5\\\\s0\\\\\\\\s0.1\\\\\\\\s10000000000\\\\\\\\s100000000\\\\s0\\\\\\\\s0.1\\\\\\\\s10000000000\\\\\\\\s100000000\\\\s2\\\\\\\\s1\\\\\\\\sfalse\\\\\\\\s5\\\\\\\\s0\\\\s2\\\\\\\\s2\\\\\\\\s0\\\\\\\\s0\\s1\\\\sR5\\\\s0\\\\\\\\s0.1\\\\\\\\s10000000000\\\\\\\\s100000000\\\\s0\\\\\\\\s0.1\\\\\\\\s10000000000\\\\\\\\s100000000\\\\s2\\\\\\\\s1\\\\\\\\sfalse\\\\\\\\s5\\\\\\\\s0\\\\s2\\\\\\\\s2\\\\\\\\s0\\\\\\\\s0\\s1\\\\sR5\\\\s0\\\\\\\\s0.1\\\\\\\\s10000000000\\\\\\\\s100000000\\\\s0\\\\\\\\s0.1\\\\\\\\s10000000000\\\\\\\\s100000000\\\\s2\\\\\\\\s1\\\\\\\\sfalse\\\\\\\\s5\\\\\\\\s0\\\\s2\\\\\\\\s2\\\\\\\\s0\\\\\\\\s0\s1\\sdistributeur\\s0\\\\s2\\\\s5\\\\s5\\s0\\\\s0.5\\\\s5\\s0\\\\s0.5\\\\s5\\s0\\\\s0.5\\\\s5\\s0\\\\s2\\\\s0\\\\s5\\s0\\\\s2\\\\s0\\\\s5\\s0\\\\s0.5\\\\s5\\s0\\\\s2\\\\s0\\\\s5\\s1\\\\sR5\\\\s0\\\\\\\\s0.1\\\\\\\\s10000000000\\\\\\\\s100000000\\\\s0\\\\\\\\s0.1\\\\\\\\s10000000000\\\\\\\\s100000000\\\\s2\\\\\\\\s1\\\\\\\\sfalse\\\\\\\\s5\\\\\\\\s0\\\\s2\\\\\\\\s2\\\\\\\\s0\\\\\\\\s0\\s1\\\\sR5\\\\s0\\\\\\\\s0.1\\\\\\\\s10000000000\\\\\\\\s100000000\\\\s0\\\\\\\\s0.1\\\\\\\\s10000000000\\\\\\\\s100000000\\\\s2\\\\\\\\s1\\\\\\\\sfalse\\\\\\\\s5\\\\\\\\s0\\\\s2\\\\\\\\s2\\\\\\\\s0\\\\\\\\s0\\s1\\\\sR5\\\\s0\\\\\\\\s0.1\\\\\\\\s10000000000\\\\\\\\s100000000\\\\s0\\\\\\\\s0.1\\\\\\\\s10000000000\\\\\\\\s100000000\\\\s2\\\\\\\\s1\\\\\\\\sfalse\\\\\\\\s5\\\\\\\\s0\\\\s2\\\\\\\\s2\\\\\\\\s0\\\\\\\\s0\\s1\\\\sR5\\\\s0\\\\\\\\s0.1\\\\\\\\s10000000000\\\\\\\\s100000000\\\\s0\\\\\\\\s0.1\\\\\\\\s10000000000\\\\\\\\s100000000\\\\s2\\\\\\\\s1\\\\\\\\sfalse\\\\\\\\s5\\\\\\\\s0\\\\s2\\\\\\\\s2\\\\\\\\s0\\\\\\\\s0
410 -288 688 -208 672 1 interface 1\sdistributeur\s0\\s2\\s0\\s5\s0\\s0.5\\s5\s0\\s0.5\\s5\s0\\s0.5\\s5\s0\\s2\\s0\\s5\s0\\s2\\s0\\s5\s0\\s0.5\\s5\s0\\s2\\s5\\s5\s1\\sR5\\s0\\\\s0.1\\\\s10000000000\\\\s100000000\\s0\\\\s0.1\\\\s10000000000\\\\s100000000\\s2\\\\s1\\\\sfalse\\\\s5\\\\s0\\s2\\\\s2\\\\s5\\\\s0\s1\\sR5\\s0\\\\s0.1\\\\s10000000000\\\\s100000000\\s0\\\\s0.1\\\\s10000000000\\\\s100000000\\s2\\\\s1\\\\sfalse\\\\s5\\\\s0\\s2\\\\s2\\\\s0\\\\s5\s1\\sR5\\s0\\\\s0.1\\\\s10000000000\\\\s100000000\\s0\\\\s0.1\\\\s10000000000\\\\s100000000\\s2\\\\s1\\\\sfalse\\\\s5\\\\s0\\s2\\\\s2\\\\s5\\\\s5\s1\\sR5\\s0\\\\s0.1\\\\s10000000000\\\\s100000000\\s0\\\\s0.1\\\\s10000000000\\\\s100000000\\s2\\\\s1\\\\sfalse\\\\s5\\\\s0\\s2\\\\s2\\\\s5\\\\s5 1\sdistributeur\s0\\s2\\s0\\s5\s0\\s0.5\\s5\s0\\s0.5\\s5\s0\\s0.5\\s5\s0\\s2\\s0\\s5\s0\\s2\\s0\\s5\s0\\s0.5\\s5\s0\\s2\\s5\\s5\s1\\sR5\\s0\\\\s0.1\\\\s10000000000\\\\s100000000\\s0\\\\s0.1\\\\s10000000000\\\\s100000000\\s2\\\\s1\\\\sfalse\\\\s5\\\\s0\\s2\\\\s2\\\\s0\\\\s0\s1\\sR5\\s0\\\\s0.1\\\\s10000000000\\\\s100000000\\s0\\\\s0.1\\\\s10000000000\\\\s100000000\\s2\\\\s1\\\\sfalse\\\\s5\\\\s0\\s2\\\\s2\\\\s5\\\\s0\s1\\sR5\\s0\\\\s0.1\\\\s10000000000\\\\s100000000\\s0\\\\s0.1\\\\s10000000000\\\\s100000000\\s2\\\\s1\\\\sfalse\\\\s5\\\\s0\\s2\\\\s2\\\\s0\\\\s5\s1\\sR5\\s0\\\\s0.1\\\\s10000000000\\\\s100000000\\s0\\\\s0.1\\\\s10000000000\\\\s100000000\\s2\\\\s1\\\\sfalse\\\\s5\\\\s0\\s2\\\\s2\\\\s5\\\\s5
R -384 1328 -448 1328 0 2 1000 5 0 0 0.5
. compteur(3) 1 5 2 3 e 9 0 2 s0 4 1 3 s1 2 0 3 LogicInputElm\s1\rInverterElm\s9\s10\rLatchElm\s5\s3\s8\s7\s9\rLatchElm\s4\s2\s5\s3\s10\rFullAdderElm\s8\s7\s1\s13\s4\s2\s14\s15\rLogicInputElm\s14\rLogicInputElm\s13 2\\s1\\sfalse\\s5\\s0\s0\\s0.5\\s5\s2\\s2\\s0\\s0\s2\\s2\\s5\\s0\s2\\s2\s2\\s0\\sfalse\\s5\\s0\s2\\s0\\sfalse\\s5\\s0
410 -384 1328 -320 1312 1 compteur(3) 2\s1\sfalse\s5\s0 0\s0.5\s5 2\s2\s5\s0 2\s2\s5\s0 2\s2 2\s0\sfalse\s5\s0 2\s0\sfalse\s5\s0
w -192 1328 -160 1328 0
w -160 1328 -160 1296 0
w -128 1296 -128 1360 0
w -128 1360 -192 1360 0
L -288 1264 -336 1264 2 1 false 5 0
L -288 1232 -336 1232 2 1 false 5 0
w -96 688 144 688 0
w 144 688 144 576 0
w -96 720 160 720 0
w 160 720 160 576 0
. R4 1 3 9 17 e0 36 8 2 e1 37 7 2 e2 38 6 2 e3 39 5 2 e4 53 4 2 e5 54 3 2 e6 55 2 2 e7 56 1 2 oe 44 0 2 s0 68 8 3 s1 66 7 3 s2 40 6 3 s3 41 5 3 s4 42 4 3 s5 43 3 3 s6 62 2 3 s7 64 1 3 TriStateElm\s45\s40\s44\rTriStateElm\s47\s41\s44\rTriStateElm\s49\s42\s44\rTriStateElm\s50\s43\s44\rLatchElm\s36\s37\s38\s39\s53\s54\s55\s56\s57\s58\s45\s47\s49\s50\s59\s60\s61\rLogicInputElm\s61\rTriStateElm\s59\s62\s44\rTriStateElm\s60\s64\s44\rTriStateElm\s58\s66\s44\rTriStateElm\s57\s68\s44 0\\s0.1\\s10000000000\\s100000000\s0\\s0.1\\s10000000000\\s100000000\s0\\s0.1\\s10000000000\\s100000000\s0\\s0.1\\s10000000000\\s100000000\s2\\s8\\s0\\s0\\s0\\s0\\s0\\s0\\s0\\s0\s2\\s1\\sfalse\\s5\\s0\s0\\s0.1\\s10000000000\\s100000000\s0\\s0.1\\s10000000000\\s100000000\s0\\s0.1\\s10000000000\\s100000000\s0\\s0.1\\s10000000000\\s100000000
. decodeur\s2b 1 6 8 10 a0 2 7 2 a1 1 6 2 oeA 54 6 3 oeB 56 4 3 oeC 58 2 3 oeRAM 60 0 3 weA 53 7 3 weB 55 5 3 weC 57 3 3 weRAM 59 1 3 AndGateElm\s3\s4\s5\rInverterElm\s1\s4\rInverterElm\s2\s3\rInverterElm\s1\s6\rAndGateElm\s2\s6\s7\rAndGateElm\s8\s1\s9\rInverterElm\s2\s8\rAndGateElm\s2\s1\s10\rCustomCompositeElm\s45\s46\s47\s48\s49\s50\s51\s52\s5\s53\s54\s55\s56\s57\s58\s59\s60\rCustomCompositeElm\s78\s79\s80\s81\s82\s83\s84\s85\s9\s53\s54\s55\s56\s57\s58\s59\s60\rCustomCompositeElm\s103\s104\s105\s106\s107\s108\s109\s110\s7\s53\s54\s55\s56\s57\s58\s59\s60\rCustomCompositeElm\s128\s129\s130\s131\s132\s133\s134\s135\s10\s53\s54\s55\s56\s57\s58\s59\s60\rLogicInputElm\s52\rLogicInputElm\s51\rLogicInputElm\s50\rLogicInputElm\s49\rLogicInputElm\s48\rLogicInputElm\s47\rLogicInputElm\s46\rLogicInputElm\s45\rLogicInputElm\s103\rLogicInputElm\s104\rLogicInputElm\s105\rLogicInputElm\s106\rLogicInputElm\s107\rLogicInputElm\s108\rLogicInputElm\s109\rLogicInputElm\s110\rLogicInputElm\s78\rLogicInputElm\s79\rLogicInputElm\s80\rLogicInputElm\s81\rLogicInputElm\s82\rLogicInputElm\s83\rLogicInputElm\s84\rLogicInputElm\s85\rLogicInputElm\s128\rLogicInputElm\s129\rLogicInputElm\s130\rLogicInputElm\s131\rLogicInputElm\s132\rLogicInputElm\s133\rLogicInputElm\s134\rLogicInputElm\s135 0\\s2\\s5\\s5\s0\\s0.5\\s5\s0\\s0.5\\s5\s0\\s0.5\\s5\s0\\s2\\s0\\s5\s0\\s2\\s0\\s5\s0\\s0.5\\s5\s0\\s2\\s0\\s5\s1\\sR4\\s0\\\\s0.1\\\\s10000000000\\\\s100000000\\s0\\\\s0.1\\\\s10000000000\\\\s100000000\\s0\\\\s0.1\\\\s10000000000\\\\s100000000\\s0\\\\s0.1\\\\s10000000000\\\\s100000000\\s2\\\\s8\\\\s5\\\\s0\\\\s0\\\\s0\\\\s0\\\\s0\\\\s0\\\\s5\\s2\\\\s1\\\\sfalse\\\\s5\\\\s0\\s0\\\\s0.1\\\\s10000000000\\\\s100000000\\s0\\\\s0.1\\\\s10000000000\\\\s100000000\\s0\\\\s0.1\\\\s10000000000\\\\s100000000\\s0\\\\s0.1\\\\s10000000000\\\\s100000000\s1\\sR4\\s0\\\\s0.1\\\\s10000000000\\\\s100000000\\s0\\\\s0.1\\\\s10000000000\\\\s100000000\\s0\\\\s0.1\\\\s10000000000\\\\s100000000\\s0\\\\s0.1\\\\s10000000000\\\\s100000000\\s2\\\\s8\\\\s0\\\\s5\\\\s0\\\\s5\\\\s5\\\\s0\\\\s0\\\\s0\\s2\\\\s1\\\\sfalse\\\\s5\\\\s0\\s0\\\\s0.1\\\\s10000000000\\\\s100000000\\s0\\\\s0.1\\\\s10000000000\\\\s100000000\\s0\\\\s0.1\\\\s10000000000\\\\s100000000\\s0\\\\s0.1\\\\s10000000000\\\\s100000000\s1\\sR4\\s0\\\\s0.1\\\\s10000000000\\\\s100000000\\s0\\\\s0.1\\\\s10000000000\\\\s100000000\\s0\\\\s0.1\\\\s10000000000\\\\s100000000\\s0\\\\s0.1\\\\s10000000000\\\\s100000000\\s2\\\\s8\\\\s0\\\\s0\\\\s5\\\\s0\\\\s0\\\\s0\\\\s0\\\\s5\\s2\\\\s1\\\\sfalse\\\\s5\\\\s0\\s0\\\\s0.1\\\\s10000000000\\\\s100000000\\s0\\\\s0.1\\\\s10000000000\\\\s100000000\\s0\\\\s0.1\\\\s10000000000\\\\s100000000\\s0\\\\s0.1\\\\s10000000000\\\\s100000000\s1\\sR4\\s0\\\\s0.1\\\\s10000000000\\\\s100000000\\s0\\\\s0.1\\\\s10000000000\\\\s100000000\\s0\\\\s0.1\\\\s10000000000\\\\s100000000\\s0\\\\s0.1\\\\s10000000000\\\\s100000000\\s2\\\\s8\\\\s0\\\\s0\\\\s0\\\\s0\\\\s0\\\\s5\\\\s5\\\\s0\\s2\\\\s1\\\\sfalse\\\\s5\\\\s0\\s0\\\\s0.1\\\\s10000000000\\\\s100000000\\s0\\\\s0.1\\\\s10000000000\\\\s100000000\\s0\\\\s0.1\\\\s10000000000\\\\s100000000\\s0\\\\s0.1\\\\s10000000000\\\\s100000000\s2\\s1\\sfalse\\s5\\s0\s2\\s0\\sfalse\\s5\\s0\s2\\s0\\sfalse\\s5\\s0\s2\\s0\\sfalse\\s5\\s0\s2\\s0\\sfalse\\s5\\s0\s2\\s0\\sfalse\\s5\\s0\s2\\s0\\sfalse\\s5\\s0\s2\\s1\\sfalse\\s5\\s0\s2\\s0\\sfalse\\s5\\s0\s2\\s0\\sfalse\\s5\\s0\s2\\s1\\sfalse\\s5\\s0\s2\\s0\\sfalse\\s5\\s0\s2\\s0\\sfalse\\s5\\s0\s2\\s0\\sfalse\\s5\\s0\s2\\s0\\sfalse\\s5\\s0\s2\\s1\\sfalse\\s5\\s0\s2\\s0\\sfalse\\s5\\s0\s2\\s1\\sfalse\\s5\\s0\s2\\s0\\sfalse\\s5\\s0\s2\\s1\\sfalse\\s5\\s0\s2\\s1\\sfalse\\s5\\s0\s2\\s0\\sfalse\\s5\\s0\s2\\s0\\sfalse\\s5\\s0\s2\\s0\\sfalse\\s5\\s0\s2\\s0\\sfalse\\s5\\s0\s2\\s0\\sfalse\\s5\\s0\s2\\s0\\sfalse\\s5\\s0\s2\\s0\\sfalse\\s5\\s0\s2\\s0\\sfalse\\s5\\s0\s2\\s1\\sfalse\\s5\\s0\s2\\s1\\sfalse\\s5\\s0\s2\\s0\\sfalse\\s5\\s0
410 -32 768 16 784 1 decodeur\s2b 0\s2\s0\s5 0\s0.5\s5 0\s0.5\s5 0\s0.5\s5 0\s2\s0\s5 0\s2\s5\s5 0\s0.5\s5 0\s2\s0\s5 1\sR4\s0\\s0.1\\s10000000000\\s100000000\s0\\s0.1\\s10000000000\\s100000000\s0\\s0.1\\s10000000000\\s100000000\s0\\s0.1\\s10000000000\\s100000000\s2\\s8\\s5\\s0\\s0\\s0\\s0\\s0\\s0\\s5\s2\\s1\\sfalse\\s5\\s0\s0\\s0.1\\s10000000000\\s100000000\s0\\s0.1\\s10000000000\\s100000000\s0\\s0.1\\s10000000000\\s100000000\s0\\s0.1\\s10000000000\\s100000000 1\sR4\s0\\s0.1\\s10000000000\\s100000000\s0\\s0.1\\s10000000000\\s100000000\s0\\s0.1\\s10000000000\\s100000000\s0\\s0.1\\s10000000000\\s100000000\s2\\s8\\s0\\s5\\s0\\s5\\s5\\s0\\s0\\s0\s2\\s1\\sfalse\\s5\\s0\s0\\s0.1\\s10000000000\\s100000000\s0\\s0.1\\s10000000000\\s100000000\s0\\s0.1\\s10000000000\\s100000000\s0\\s0.1\\s10000000000\\s100000000 1\sR4\s0\\s0.1\\s10000000000\\s100000000\s0\\s0.1\\s10000000000\\s100000000\s0\\s0.1\\s10000000000\\s100000000\s0\\s0.1\\s10000000000\\s100000000\s2\\s8\\s0\\s0\\s5\\s0\\s0\\s0\\s0\\s5\s2\\s1\\sfalse\\s5\\s0\s0\\s0.1\\s10000000000\\s100000000\s0\\s0.1\\s10000000000\\s100000000\s0\\s0.1\\s10000000000\\s100000000\s0\\s0.1\\s10000000000\\s100000000 1\sR4\s0\\s0.1\\s10000000000\\s100000000\s0\\s0.1\\s10000000000\\s100000000\s0\\s0.1\\s10000000000\\s100000000\s0\\s0.1\\s10000000000\\s100000000\s2\\s8\\s0\\s0\\s0\\s0\\s0\\s5\\s5\\s0\s2\\s1\\sfalse\\s5\\s0\s0\\s0.1\\s10000000000\\s100000000\s0\\s0.1\\s10000000000\\s100000000\s0\\s0.1\\s10000000000\\s100000000\s0\\s0.1\\s10000000000\\s100000000 2\s1\sfalse\s5\s0 2\s0\sfalse\s5\s0 2\s0\sfalse\s5\s0 2\s0\sfalse\s5\s0 2\s0\sfalse\s5\s0 2\s0\sfalse\s5\s0 2\s0\sfalse\s5\s0 2\s1\sfalse\s5\s0 2\s0\sfalse\s5\s0 2\s0\sfalse\s5\s0 2\s1\sfalse\s5\s0 2\s0\sfalse\s5\s0 2\s0\sfalse\s5\s0 2\s0\sfalse\s5\s0 2\s0\sfalse\s5\s0 2\s1\sfalse\s5\s0 2\s0\sfalse\s5\s0 2\s1\sfalse\s5\s0 2\s0\sfalse\s5\s0 2\s1\sfalse\s5\s0 2\s1\sfalse\s5\s0 2\s0\sfalse\s5\s0 2\s0\sfalse\s5\s0 2\s0\sfalse\s5\s0 2\s0\sfalse\s5\s0 2\s0\sfalse\s5\s0 2\s0\sfalse\s5\s0 2\s0\sfalse\s5\s0 2\s0\sfalse\s5\s0 2\s1\sfalse\s5\s0 2\s1\sfalse\s5\s0 2\s0\sfalse\s5\s0
w -96 816 -96 992 0
w -96 992 -32 992 0
w -96 784 -80 784 0
w -80 784 -80 960 0
w -80 960 -32 960 0
w 192 768 224 768 0
w 224 768 224 576 0
w 192 800 240 800 0
w 192 832 256 832 0
w 192 864 272 864 0
w 192 896 288 896 0
w 192 928 304 928 0
w 192 960 320 960 0
w 240 800 240 576 0
w 256 832 256 576 0
w 272 864 272 576 0
w 288 896 288 576 0
w 304 928 304 576 0
w 320 960 320 576 0
w 336 576 336 992 0
w 336 992 192 992 0
w 496 720 496 800 0
w 496 800 624 800 0
w 512 720 512 832 0
w 512 832 624 832 0
w 528 720 528 864 0
w 528 864 624 864 0
w 544 720 544 896 0
w 544 896 624 896 0
w 496 800 496 928 0
w 512 832 512 928 0
w 528 864 528 928 0
w 544 896 544 928 0
b -496 -224 1303 1416 0
w 784 352 848 352 0
w 800 16 800 320 0
w 800 320 848 320 0
w 816 -16 816 288 0
w 816 288 848 288 0
w 832 -48 832 256 0
w 832 256 848 256 0
w 960 320 960 48 0
w 944 416 1008 416 0
w 1008 416 1008 144 0
w 944 384 992 384 0
w 992 384 992 112 0
w 992 112 1008 112 0
w 944 352 976 352 0
w 976 352 976 80 0
w 976 80 1008 80 0
w 960 48 1008 48 0
w 960 320 944 320 0
