$ 1 0.000005 10.20027730826997 50 5 43 5e-11
. Bit\sde\smémoire 1 6 3 3 E 7 0 2 S 4 1 3 we 3 2 2 MosfetElm\s3\s0\s2\rMosfetElm\s3\s0\s1\rMosfetElm\s7\s0\s6\rResistorElm\s8\s6\rMosfetElm\s4\s0\s5\rResistorElm\s8\s5\rResistorElm\s8\s4\rRailElm\s8\rMosfetElm\s5\s0\s4\rMosfetElm\s7\s1\s5\rMosfetElm\s6\s2\s4 32\\s1.5\\s0.02\s32\\s1.5\\s0.02\s32\\s1.5\\s0.02\s0\\s1000\s32\\s1.5\\s0.02\s0\\s1000\s0\\s1000\s0\\s0\\s40\\s5\\s0\\s0\\s0.5\s32\\s1.5\\s0.02\s32\\s1.5\\s0.02\s32\\s1.5\\s0.02
. registre 1 4 6 9 e0 5 3 2 e1 4 2 2 e2 3 1 2 e3 2 0 2 s0 9 3 3 s1 8 2 3 s2 7 1 3 s3 6 0 3 we 1 5 2 CustomCompositeElm\s2\s6\s1\rCustomCompositeElm\s3\s7\s1\rCustomCompositeElm\s4\s8\s1\rCustomCompositeElm\s5\s9\s1 1\\sBit\\\\sde\\\\smémoire\\s32\\\\s1.5\\\\s0.02\\s32\\\\s1.5\\\\s0.02\\s32\\\\s1.5\\\\s0.02\\s0\\\\s1000\\s32\\\\s1.5\\\\s0.02\\s0\\\\s1000\\s0\\\\s1000\\s0\\\\s0\\\\s40\\\\s5\\\\s0\\\\s0\\\\s0.5\\s32\\\\s1.5\\\\s0.02\\s32\\\\s1.5\\\\s0.02\\s32\\\\s1.5\\\\s0.02\s1\\sBit\\\\sde\\\\smémoire\\s32\\\\s1.5\\\\s0.02\\s32\\\\s1.5\\\\s0.02\\s32\\\\s1.5\\\\s0.02\\s0\\\\s1000\\s32\\\\s1.5\\\\s0.02\\s0\\\\s1000\\s0\\\\s1000\\s0\\\\s0\\\\s40\\\\s5\\\\s0\\\\s0\\\\s0.5\\s32\\\\s1.5\\\\s0.02\\s32\\\\s1.5\\\\s0.02\\s32\\\\s1.5\\\\s0.02\s1\\sBit\\\\sde\\\\smémoire\\s32\\\\s1.5\\\\s0.02\\s32\\\\s1.5\\\\s0.02\\s32\\\\s1.5\\\\s0.02\\s0\\\\s1000\\s32\\\\s1.5\\\\s0.02\\s0\\\\s1000\\s0\\\\s1000\\s0\\\\s0\\\\s40\\\\s5\\\\s0\\\\s0\\\\s0.5\\s32\\\\s1.5\\\\s0.02\\s32\\\\s1.5\\\\s0.02\\s32\\\\s1.5\\\\s0.02\s1\\sBit\\\\sde\\\\smémoire\\s32\\\\s1.5\\\\s0.02\\s32\\\\s1.5\\\\s0.02\\s32\\\\s1.5\\\\s0.02\\s0\\\\s1000\\s32\\\\s1.5\\\\s0.02\\s0\\\\s1000\\s0\\\\s1000\\s0\\\\s0\\\\s40\\\\s5\\\\s0\\\\s0\\\\s0.5\\s32\\\\s1.5\\\\s0.02\\s32\\\\s1.5\\\\s0.02\\s32\\\\s1.5\\\\s0.02
410 240 160 288 208 1 registre 1\sBit\\sde\\smémoire\s32\\s1.5\\s0.02\s32\\s1.5\\s0.02\s32\\s1.5\\s0.02\s0\\s1000\s32\\s1.5\\s0.02\s0\\s1000\s0\\s1000\s0\\s0\\s40\\s5\\s0\\s0\\s0.5\s32\\s1.5\\s0.02\s32\\s1.5\\s0.02\s32\\s1.5\\s0.02 1\sBit\\sde\\smémoire\s32\\s1.5\\s0.02\s32\\s1.5\\s0.02\s32\\s1.5\\s0.02\s0\\s1000\s32\\s1.5\\s0.02\s0\\s1000\s0\\s1000\s0\\s0\\s40\\s5\\s0\\s0\\s0.5\s32\\s1.5\\s0.02\s32\\s1.5\\s0.02\s32\\s1.5\\s0.02 1\sBit\\sde\\smémoire\s32\\s1.5\\s0.02\s32\\s1.5\\s0.02\s32\\s1.5\\s0.02\s0\\s1000\s32\\s1.5\\s0.02\s0\\s1000\s0\\s1000\s0\\s0\\s40\\s5\\s0\\s0\\s0.5\s32\\s1.5\\s0.02\s32\\s1.5\\s0.02\s32\\s1.5\\s0.02 1\sBit\\sde\\smémoire\s32\\s1.5\\s0.02\s32\\s1.5\\s0.02\s32\\s1.5\\s0.02\s0\\s1000\s32\\s1.5\\s0.02\s0\\s1000\s0\\s1000\s0\\s0\\s40\\s5\\s0\\s0\\s0.5\s32\\s1.5\\s0.02\s32\\s1.5\\s0.02\s32\\s1.5\\s0.02
410 240 416 288 464 1 registre 1\sBit\\sde\\smémoire\s32\\s1.5\\s0.02\s32\\s1.5\\s0.02\s32\\s1.5\\s0.02\s0\\s1000\s32\\s1.5\\s0.02\s0\\s1000\s0\\s1000\s0\\s0\\s40\\s5\\s0\\s0\\s0.5\s32\\s1.5\\s0.02\s32\\s1.5\\s0.02\s32\\s1.5\\s0.02 1\sBit\\sde\\smémoire\s32\\s1.5\\s0.02\s32\\s1.5\\s0.02\s32\\s1.5\\s0.02\s0\\s1000\s32\\s1.5\\s0.02\s0\\s1000\s0\\s1000\s0\\s0\\s40\\s5\\s0\\s0\\s0.5\s32\\s1.5\\s0.02\s32\\s1.5\\s0.02\s32\\s1.5\\s0.02 1\sBit\\sde\\smémoire\s32\\s1.5\\s0.02\s32\\s1.5\\s0.02\s32\\s1.5\\s0.02\s0\\s1000\s32\\s1.5\\s0.02\s0\\s1000\s0\\s1000\s0\\s0\\s40\\s5\\s0\\s0\\s0.5\s32\\s1.5\\s0.02\s32\\s1.5\\s0.02\s32\\s1.5\\s0.02 1\sBit\\sde\\smémoire\s32\\s1.5\\s0.02\s32\\s1.5\\s0.02\s32\\s1.5\\s0.02\s0\\s1000\s32\\s1.5\\s0.02\s0\\s1000\s0\\s1000\s0\\s0\\s40\\s5\\s0\\s0\\s0.5\s32\\s1.5\\s0.02\s32\\s1.5\\s0.02\s32\\s1.5\\s0.02
410 240 928 288 976 1 registre 1\sBit\\sde\\smémoire\s32\\s1.5\\s0.02\s32\\s1.5\\s0.02\s32\\s1.5\\s0.02\s0\\s1000\s32\\s1.5\\s0.02\s0\\s1000\s0\\s1000\s0\\s0\\s40\\s5\\s0\\s0\\s0.5\s32\\s1.5\\s0.02\s32\\s1.5\\s0.02\s32\\s1.5\\s0.02 1\sBit\\sde\\smémoire\s32\\s1.5\\s0.02\s32\\s1.5\\s0.02\s32\\s1.5\\s0.02\s0\\s1000\s32\\s1.5\\s0.02\s0\\s1000\s0\\s1000\s0\\s0\\s40\\s5\\s0\\s0\\s0.5\s32\\s1.5\\s0.02\s32\\s1.5\\s0.02\s32\\s1.5\\s0.02 1\sBit\\sde\\smémoire\s32\\s1.5\\s0.02\s32\\s1.5\\s0.02\s32\\s1.5\\s0.02\s0\\s1000\s32\\s1.5\\s0.02\s0\\s1000\s0\\s1000\s0\\s0\\s40\\s5\\s0\\s0\\s0.5\s32\\s1.5\\s0.02\s32\\s1.5\\s0.02\s32\\s1.5\\s0.02 1\sBit\\sde\\smémoire\s32\\s1.5\\s0.02\s32\\s1.5\\s0.02\s32\\s1.5\\s0.02\s0\\s1000\s32\\s1.5\\s0.02\s0\\s1000\s0\\s1000\s0\\s0\\s40\\s5\\s0\\s0\\s0.5\s32\\s1.5\\s0.02\s32\\s1.5\\s0.02\s32\\s1.5\\s0.02
410 240 672 288 720 1 registre 1\sBit\\sde\\smémoire\s32\\s1.5\\s0.02\s32\\s1.5\\s0.02\s32\\s1.5\\s0.02\s0\\s1000\s32\\s1.5\\s0.02\s0\\s1000\s0\\s1000\s0\\s0\\s40\\s5\\s0\\s0\\s0.5\s32\\s1.5\\s0.02\s32\\s1.5\\s0.02\s32\\s1.5\\s0.02 1\sBit\\sde\\smémoire\s32\\s1.5\\s0.02\s32\\s1.5\\s0.02\s32\\s1.5\\s0.02\s0\\s1000\s32\\s1.5\\s0.02\s0\\s1000\s0\\s1000\s0\\s0\\s40\\s5\\s0\\s0\\s0.5\s32\\s1.5\\s0.02\s32\\s1.5\\s0.02\s32\\s1.5\\s0.02 1\sBit\\sde\\smémoire\s32\\s1.5\\s0.02\s32\\s1.5\\s0.02\s32\\s1.5\\s0.02\s0\\s1000\s32\\s1.5\\s0.02\s0\\s1000\s0\\s1000\s0\\s0\\s40\\s5\\s0\\s0\\s0.5\s32\\s1.5\\s0.02\s32\\s1.5\\s0.02\s32\\s1.5\\s0.02 1\sBit\\sde\\smémoire\s32\\s1.5\\s0.02\s32\\s1.5\\s0.02\s32\\s1.5\\s0.02\s0\\s1000\s32\\s1.5\\s0.02\s0\\s1000\s0\\s1000\s0\\s0\\s40\\s5\\s0\\s0\\s0.5\s32\\s1.5\\s0.02\s32\\s1.5\\s0.02\s32\\s1.5\\s0.02
L -864 480 -960 480 2 0 false 5 0
L -864 544 -960 544 2 0 false 5 0
L -864 608 -960 608 2 1 false 5 0
x -1044 616 -1018 619 4 24 a0
x -1046 552 -1020 555 4 24 a1
x -1046 486 -1020 489 4 24 a2
L 48 -32 48 -112 2 1 false 5 0
L 0 -32 0 -112 2 0 false 5 0
L 96 -32 96 -112 2 1 false 5 0
L 144 -32 144 -112 2 1 false 5 0
x -13 -146 13 -143 4 24 e3
x 35 -146 61 -143 4 24 e2
x 89 -147 115 -144 4 24 e1
x 134 -148 160 -145 4 24 e0
w 0 -32 0 160 0
w 240 160 0 160 0
w 48 -32 48 192 0
w 240 192 48 192 0
w 96 -32 96 224 0
w 96 224 240 224 0
w 144 -32 144 256 0
w 144 256 240 256 0
w 0 160 0 416 0
w 0 416 240 416 0
w 0 416 0 672 0
w 0 672 240 672 0
w 0 672 0 928 0
w 0 928 240 928 0
w 48 192 48 448 0
w 48 448 240 448 0
w 48 448 48 704 0
w 48 704 240 704 0
w 48 704 48 960 0
w 48 960 240 960 0
w 96 224 96 480 0
w 96 480 240 480 0
w 96 480 96 736 0
w 96 736 240 736 0
w 96 736 96 992 0
w 96 992 240 992 0
w 144 256 144 512 0
w 144 512 240 512 0
w 144 512 144 768 0
w 144 768 240 768 0
w 144 768 144 1024 0
w 144 1024 240 1024 0
w 240 320 -48 320 0
w -48 320 -48 96 0
L -848 336 -960 336 2 1 false 5 0
x -1037 341 -1007 344 4 24 we
w -864 480 -816 480 0
w -816 480 -768 480 0
w -768 480 -720 480 0
w -720 480 -672 480 0
w -656 480 -624 480 0
w -672 480 -656 480 0
w -864 544 -832 544 0
w -832 544 -784 544 0
w -736 544 -688 544 0
w -752 544 -736 544 0
w -688 544 -656 544 0
w -656 544 -624 544 0
w -624 544 -592 544 0
w -864 608 -832 608 0
w -832 608 -784 608 0
w -784 608 -752 608 0
w -752 608 -720 608 0
w -720 608 -688 608 0
w -672 608 -640 608 0
w -640 608 -592 608 0
w -688 608 -672 608 0
w -848 336 -800 336 0
w -800 336 -720 336 0
w -720 336 -672 336 0
w -672 336 -624 336 0
w -624 336 -560 336 0
w -560 336 -512 336 0
w -496 336 -432 336 0
w -512 336 -496 336 0
w -432 336 -384 336 0
w 240 832 -80 832 0
w 240 1088 -80 1088 0
150 -192 832 -80 832 0 2 0 5
w -224 800 -192 800 0
w -192 800 -192 816 0
w -384 336 -352 336 0
w -352 608 -352 848 0
w -352 848 -352 1008 0
w -352 1008 -352 1088 0
w -352 848 -192 848 0
w -592 480 -464 480 0
w -464 544 -464 784 0
w -464 784 -448 784 0
w -464 784 -464 976 0
w -592 544 -528 544 0
w -528 560 -528 800 0
w -592 624 -592 816 0
w -624 480 -592 480 0
I -448 784 -320 784 0 0.5 5
w -592 816 -448 816 0
w -352 1104 -192 1104 0
w -192 1056 -192 1072 0
w -224 1056 -192 1056 0
150 -192 1088 -80 1088 0 2 0 5
w -352 1088 -352 1104 0
w -464 976 -464 1040 0
w -352 608 -192 608 0
w -192 560 -192 576 0
w -224 560 -192 560 0
150 -192 592 -80 592 0 2 5 5
w -352 608 -352 336 0
w -80 592 240 592 0
w 240 592 240 576 0
w -464 544 -384 544 0
w -464 480 -464 544 0
w -528 560 -384 560 0
w -528 544 -528 560 0
w -592 608 -592 624 0
w -592 608 -384 608 0
w -384 608 -384 576 0
w -784 544 -752 544 0
150 -176 96 -64 96 0 2 0 5
w -208 64 -176 64 0
w -176 64 -176 80 0
w -336 112 -176 112 0
w -48 96 -64 96 0
w -464 480 -464 48 0
w -464 48 -368 48 0
w -528 544 -528 64 0
w -528 64 -368 64 0
w -592 608 -592 80 0
w -592 80 -368 80 0
w -352 336 -352 112 0
w -352 112 -336 112 0
w -528 800 -432 800 0
w -592 816 -592 1072 0
w -592 1072 -400 1072 0
w -528 800 -528 1056 0
150 -320 560 -224 560 0 3 5 5
w -384 576 -320 576 0
I -384 544 -320 544 0 0.5 5
I -384 560 -320 560 0 0.5 5
I -448 816 -320 816 0 0.5 5
w -432 800 -320 800 0
w -464 1040 -448 1040 0
I -448 1040 -320 1040 0 0.5 5
w -384 1072 -320 1072 0
w -400 1072 -384 1072 0
150 -304 64 -208 64 0 3 0 5
I -368 48 -304 48 0 0.5 5
I -368 64 -304 64 0 0.5 5
I -368 80 -304 80 0 0.5 5
w -528 1056 -464 1056 0
w -448 1056 -320 1056 0
150 -320 800 -224 800 0 3 0 5
150 -320 1056 -224 1056 0 3 0 5
w 240 1616 240 1600 0
w -80 1616 240 1616 0
w 240 2112 -80 2112 0
w 240 1856 -80 1856 0
w 240 1344 -48 1344 0
w 144 2048 240 2048 0
w 144 1792 144 2048 0
w 144 1792 240 1792 0
w 144 1536 144 1792 0
w 144 1536 240 1536 0
w 144 1280 144 1536 0
w 96 2016 240 2016 0
w 96 1760 96 2016 0
w 96 1760 240 1760 0
w 96 1504 96 1760 0
w 96 1504 240 1504 0
w 96 1248 96 1504 0
w 48 1984 240 1984 0
w 48 1728 48 1984 0
w 48 1728 240 1728 0
w 48 1472 48 1728 0
w 48 1472 240 1472 0
w 48 1216 48 1472 0
w 0 1952 240 1952 0
w 0 1696 0 1952 0
w 0 1696 240 1696 0
w 0 1440 0 1696 0
w 0 1440 240 1440 0
w 0 1184 0 1440 0
w 144 1280 240 1280 0
w 144 1136 144 1280 0
w 96 1248 240 1248 0
w 96 1136 96 1248 0
w 240 1216 48 1216 0
w 48 1136 48 1216 0
w 240 1184 0 1184 0
w 0 1136 0 1184 0
410 240 1696 288 1744 1 registre 1\sBit\\sde\\smémoire\s32\\s1.5\\s0.02\s32\\s1.5\\s0.02\s32\\s1.5\\s0.02\s0\\s1000\s32\\s1.5\\s0.02\s0\\s1000\s0\\s1000\s0\\s0\\s40\\s5\\s0\\s0\\s0.5\s32\\s1.5\\s0.02\s32\\s1.5\\s0.02\s32\\s1.5\\s0.02 1\sBit\\sde\\smémoire\s32\\s1.5\\s0.02\s32\\s1.5\\s0.02\s32\\s1.5\\s0.02\s0\\s1000\s32\\s1.5\\s0.02\s0\\s1000\s0\\s1000\s0\\s0\\s40\\s5\\s0\\s0\\s0.5\s32\\s1.5\\s0.02\s32\\s1.5\\s0.02\s32\\s1.5\\s0.02 1\sBit\\sde\\smémoire\s32\\s1.5\\s0.02\s32\\s1.5\\s0.02\s32\\s1.5\\s0.02\s0\\s1000\s32\\s1.5\\s0.02\s0\\s1000\s0\\s1000\s0\\s0\\s40\\s5\\s0\\s0\\s0.5\s32\\s1.5\\s0.02\s32\\s1.5\\s0.02\s32\\s1.5\\s0.02 1\sBit\\sde\\smémoire\s32\\s1.5\\s0.02\s32\\s1.5\\s0.02\s32\\s1.5\\s0.02\s0\\s1000\s32\\s1.5\\s0.02\s0\\s1000\s0\\s1000\s0\\s0\\s40\\s5\\s0\\s0\\s0.5\s32\\s1.5\\s0.02\s32\\s1.5\\s0.02\s32\\s1.5\\s0.02
410 240 1952 288 2000 1 registre 1\sBit\\sde\\smémoire\s32\\s1.5\\s0.02\s32\\s1.5\\s0.02\s32\\s1.5\\s0.02\s0\\s1000\s32\\s1.5\\s0.02\s0\\s1000\s0\\s1000\s0\\s0\\s40\\s5\\s0\\s0\\s0.5\s32\\s1.5\\s0.02\s32\\s1.5\\s0.02\s32\\s1.5\\s0.02 1\sBit\\sde\\smémoire\s32\\s1.5\\s0.02\s32\\s1.5\\s0.02\s32\\s1.5\\s0.02\s0\\s1000\s32\\s1.5\\s0.02\s0\\s1000\s0\\s1000\s0\\s0\\s40\\s5\\s0\\s0\\s0.5\s32\\s1.5\\s0.02\s32\\s1.5\\s0.02\s32\\s1.5\\s0.02 1\sBit\\sde\\smémoire\s32\\s1.5\\s0.02\s32\\s1.5\\s0.02\s32\\s1.5\\s0.02\s0\\s1000\s32\\s1.5\\s0.02\s0\\s1000\s0\\s1000\s0\\s0\\s40\\s5\\s0\\s0\\s0.5\s32\\s1.5\\s0.02\s32\\s1.5\\s0.02\s32\\s1.5\\s0.02 1\sBit\\sde\\smémoire\s32\\s1.5\\s0.02\s32\\s1.5\\s0.02\s32\\s1.5\\s0.02\s0\\s1000\s32\\s1.5\\s0.02\s0\\s1000\s0\\s1000\s0\\s0\\s40\\s5\\s0\\s0\\s0.5\s32\\s1.5\\s0.02\s32\\s1.5\\s0.02\s32\\s1.5\\s0.02
410 240 1440 288 1488 1 registre 1\sBit\\sde\\smémoire\s32\\s1.5\\s0.02\s32\\s1.5\\s0.02\s32\\s1.5\\s0.02\s0\\s1000\s32\\s1.5\\s0.02\s0\\s1000\s0\\s1000\s0\\s0\\s40\\s5\\s0\\s0\\s0.5\s32\\s1.5\\s0.02\s32\\s1.5\\s0.02\s32\\s1.5\\s0.02 1\sBit\\sde\\smémoire\s32\\s1.5\\s0.02\s32\\s1.5\\s0.02\s32\\s1.5\\s0.02\s0\\s1000\s32\\s1.5\\s0.02\s0\\s1000\s0\\s1000\s0\\s0\\s40\\s5\\s0\\s0\\s0.5\s32\\s1.5\\s0.02\s32\\s1.5\\s0.02\s32\\s1.5\\s0.02 1\sBit\\sde\\smémoire\s32\\s1.5\\s0.02\s32\\s1.5\\s0.02\s32\\s1.5\\s0.02\s0\\s1000\s32\\s1.5\\s0.02\s0\\s1000\s0\\s1000\s0\\s0\\s40\\s5\\s0\\s0\\s0.5\s32\\s1.5\\s0.02\s32\\s1.5\\s0.02\s32\\s1.5\\s0.02 1\sBit\\sde\\smémoire\s32\\s1.5\\s0.02\s32\\s1.5\\s0.02\s32\\s1.5\\s0.02\s0\\s1000\s32\\s1.5\\s0.02\s0\\s1000\s0\\s1000\s0\\s0\\s40\\s5\\s0\\s0\\s0.5\s32\\s1.5\\s0.02\s32\\s1.5\\s0.02\s32\\s1.5\\s0.02
410 240 1184 288 1232 1 registre 1\sBit\\sde\\smémoire\s32\\s1.5\\s0.02\s32\\s1.5\\s0.02\s32\\s1.5\\s0.02\s0\\s1000\s32\\s1.5\\s0.02\s0\\s1000\s0\\s1000\s0\\s0\\s40\\s5\\s0\\s0\\s0.5\s32\\s1.5\\s0.02\s32\\s1.5\\s0.02\s32\\s1.5\\s0.02 1\sBit\\sde\\smémoire\s32\\s1.5\\s0.02\s32\\s1.5\\s0.02\s32\\s1.5\\s0.02\s0\\s1000\s32\\s1.5\\s0.02\s0\\s1000\s0\\s1000\s0\\s0\\s40\\s5\\s0\\s0\\s0.5\s32\\s1.5\\s0.02\s32\\s1.5\\s0.02\s32\\s1.5\\s0.02 1\sBit\\sde\\smémoire\s32\\s1.5\\s0.02\s32\\s1.5\\s0.02\s32\\s1.5\\s0.02\s0\\s1000\s32\\s1.5\\s0.02\s0\\s1000\s0\\s1000\s0\\s0\\s40\\s5\\s0\\s0\\s0.5\s32\\s1.5\\s0.02\s32\\s1.5\\s0.02\s32\\s1.5\\s0.02 1\sBit\\sde\\smémoire\s32\\s1.5\\s0.02\s32\\s1.5\\s0.02\s32\\s1.5\\s0.02\s0\\s1000\s32\\s1.5\\s0.02\s0\\s1000\s0\\s1000\s0\\s0\\s40\\s5\\s0\\s0\\s0.5\s32\\s1.5\\s0.02\s32\\s1.5\\s0.02\s32\\s1.5\\s0.02
w 0 928 0 1120 0
w 0 1120 0 1136 0
w 48 960 48 1136 0
w 96 992 96 1136 0
w 144 1024 144 1136 0
150 -320 1568 -224 1568 0 3 0 5
150 -320 1312 -224 1312 0 3 0 5
w -528 1568 -448 1568 0
w -464 1552 -448 1552 0
I -448 1328 -320 1328 0 0.5 5
w -528 1312 -528 1568 0
w -592 1584 -448 1584 0
w -592 1328 -592 1584 0
w -464 1488 -464 1552 0
w -352 1600 -352 1616 0
150 -192 1600 -80 1600 0 2 0 5
w -224 1568 -192 1568 0
w -192 1568 -192 1584 0
w -352 1616 -192 1616 0
w -592 1328 -448 1328 0
w -592 1136 -592 1328 0
w -528 1056 -528 1312 0
w -464 1296 -464 1488 0
w -464 1296 -448 1296 0
w -352 1360 -192 1360 0
w -352 1520 -352 1600 0
w -352 1360 -352 1520 0
w -352 1120 -352 1360 0
w -192 1312 -192 1328 0
w -224 1312 -192 1312 0
150 -192 1344 -80 1344 0 2 0 5
w -464 1056 -448 1056 0
w -464 1296 -464 1040 0
w -592 1136 -592 1072 0
w -352 1120 -352 1104 0
w -80 1344 -48 1344 0
w -80 1616 -80 1600 0
I -448 1312 -320 1312 0 0.5 5
w -448 1296 -320 1296 0
w -448 1312 -528 1312 0
w -448 1552 -320 1552 0
I -448 1568 -320 1568 0 0.5 5
w -448 1584 -320 1584 0
w -448 2096 -320 2096 0
w -448 2064 -320 2064 0
w -448 1824 -528 1824 0
w -448 1808 -320 1808 0
w -464 1808 -464 1552 0
150 -192 1856 -80 1856 0 2 0 5
w -224 1824 -192 1824 0
w -192 1824 -192 1840 0
w -352 1632 -352 1872 0
w -352 1872 -352 2032 0
w -352 2032 -352 2112 0
w -352 1872 -192 1872 0
w -464 1808 -448 1808 0
w -464 1808 -464 2000 0
w -528 1568 -528 1824 0
w -592 1648 -592 1840 0
w -592 1840 -448 1840 0
w -352 2128 -192 2128 0
w -192 2080 -192 2096 0
w -224 2080 -192 2080 0
150 -192 2112 -80 2112 0 2 0 5
w -352 2112 -352 2128 0
w -464 2000 -464 2064 0
w -592 1840 -592 2096 0
w -592 2096 -448 2096 0
w -528 1824 -528 2080 0
I -448 1840 -320 1840 0 0.5 5
w -464 2064 -448 2064 0
w -528 2080 -448 2080 0
150 -320 1824 -224 1824 0 3 0 5
150 -320 2080 -224 2080 0 3 0 5
w -352 1632 -352 1616 0
w -592 1648 -592 1584 0
w -448 1824 -320 1824 0
w -448 2080 -320 2080 0
419 400 160 576 160 0 4
419 400 416 576 416 0 4
419 400 672 576 672 0 4
419 400 1184 576 1184 0 4
419 400 928 576 928 0 4
419 400 1440 576 1440 0 4
419 400 1696 576 1696 0 4
419 400 1952 576 1952 0 4
x -467 -278 31 -275 4 64 Banc\sde\sregistres
b -1077 -193 564 2177 0
