$ 1 0.000005 10.20027730826997 50 5 43 5e-11
w 0 -32 0 160 0
w 48 -32 48 192 0
w 240 192 48 192 0
w 96 -32 96 224 0
w 96 224 240 224 0
w 144 -32 144 256 0
w 144 256 240 256 0
w 0 160 0 416 0
w 0 416 240 416 0
w 0 416 0 672 0
w 0 672 240 672 0
w 0 672 0 928 0
w 0 928 240 928 0
w 48 192 48 448 0
w 48 448 240 448 0
w 48 448 48 704 0
w 48 704 240 704 0
w 48 704 48 960 0
w 48 960 240 960 0
w 96 224 96 480 0
w 96 480 240 480 0
w 96 480 96 736 0
w 96 736 240 736 0
w 96 736 96 992 0
w 96 992 240 992 0
w 144 256 144 512 0
w 144 512 240 512 0
w 144 512 144 768 0
w 144 768 240 768 0
w 144 768 144 1024 0
w 144 1024 240 1024 0
w -48 64 -48 96 0
x -1056 313 -921 316 4 24 Write-enable
w -864 480 -816 480 0
w -816 480 -768 480 0
w -768 480 -720 480 0
w -720 480 -672 480 0
w -656 480 -624 480 0
w -672 480 -656 480 0
w -864 544 -832 544 0
w -832 544 -784 544 0
w -736 544 -688 544 0
w -752 544 -736 544 0
w -688 544 -656 544 0
w -656 544 -624 544 0
w -624 544 -592 544 0
w -864 608 -832 608 0
w -832 608 -784 608 0
w -784 608 -752 608 0
w -752 608 -720 608 0
w -720 608 -688 608 0
w -672 608 -640 608 0
w -640 608 -592 608 0
w -688 608 -672 608 0
w -848 336 -800 336 0
w -800 336 -720 336 0
w -720 336 -672 336 0
w -672 336 -624 336 0
w -624 336 -560 336 0
w -560 336 -512 336 0
w -496 336 -432 336 0
w -512 336 -496 336 0
w -432 336 -384 336 0
w -32 832 -80 832 0
w 160 1088 -80 1088 0
150 -192 832 -80 832 0 2 0 5
w -224 800 -192 800 0
w -192 800 -192 816 0
w -384 336 -352 336 0
w -352 608 -352 848 0
w -352 848 -352 1008 0
w -352 1008 -352 1088 0
w -352 848 -192 848 0
w -592 480 -464 480 0
w -464 544 -464 784 0
w -464 784 -448 784 0
w -464 784 -464 976 0
w -592 544 -528 544 0
w -528 560 -528 800 0
w -592 624 -592 816 0
w -624 480 -592 480 0
I -448 784 -320 784 0 0.5 5
w -592 816 -448 816 0
w -352 1104 -192 1104 0
w -192 1056 -192 1072 0
w -224 1056 -192 1056 0
150 -192 1088 -80 1088 0 2 0 5
w -352 1088 -352 1104 0
w -464 976 -464 1040 0
w -352 608 -192 608 0
w -192 560 -192 576 0
w -224 560 -192 560 0
150 -192 592 -80 592 0 2 0 5
w -352 608 -352 336 0
w -464 544 -384 544 0
w -464 480 -464 544 0
w -528 560 -384 560 0
w -528 544 -528 560 0
w -592 608 -592 624 0
w -592 608 -384 608 0
w -384 608 -384 576 0
w -784 544 -752 544 0
150 -176 96 -64 96 0 2 0 5
w -208 64 -176 64 0
w -176 64 -176 80 0
w -336 112 -176 112 0
w -48 96 -64 96 0
w -464 480 -464 48 0
w -464 48 -368 48 0
w -528 544 -528 64 0
w -528 64 -368 64 0
w -592 608 -592 80 0
w -592 80 -368 80 0
w -352 336 -352 112 0
w -352 112 -336 112 0
w -528 800 -432 800 0
w -592 816 -592 1072 0
w -592 1072 -400 1072 0
w -528 800 -528 1056 0
150 -320 560 -224 560 0 3 0 5
w -384 576 -320 576 0
I -384 544 -320 544 0 0.5 5
I -384 560 -320 560 0 0.5 5
I -448 816 -320 816 0 0.5 5
w -432 800 -320 800 0
w -464 1040 -448 1040 0
I -448 1040 -320 1040 0 0.5 5
w -384 1072 -320 1072 0
w -400 1072 -384 1072 0
150 -304 64 -208 64 0 3 5 5
I -368 48 -304 48 0 0.5 5
I -368 64 -304 64 0 0.5 5
I -368 80 -304 80 0 0.5 5
w -528 1056 -464 1056 0
w -448 1056 -320 1056 0
150 -320 800 -224 800 0 3 0 5
150 -320 1056 -224 1056 0 3 0 5
w -80 1616 208 1616 0
w 160 2112 -80 2112 0
w 224 1856 -80 1856 0
w 176 1344 -48 1344 0
w 144 2048 240 2048 0
w 144 1792 144 2048 0
w 144 1792 240 1792 0
w 144 1536 144 1792 0
w 144 1536 240 1536 0
w 144 1280 144 1536 0
w 96 2016 240 2016 0
w 96 1760 96 2016 0
w 96 1760 240 1760 0
w 96 1504 96 1760 0
w 96 1504 240 1504 0
w 96 1248 96 1504 0
w 48 1984 240 1984 0
w 48 1728 48 1984 0
w 48 1728 240 1728 0
w 48 1472 48 1728 0
w 48 1472 240 1472 0
w 48 1216 48 1472 0
w 0 1952 240 1952 0
w 0 1696 0 1952 0
w 0 1696 240 1696 0
w 0 1440 0 1696 0
w 0 1440 240 1440 0
w 0 1184 0 1440 0
w 144 1280 240 1280 0
w 144 1136 144 1280 0
w 96 1248 240 1248 0
w 96 1136 96 1248 0
w 240 1216 48 1216 0
w 48 1136 48 1216 0
w 240 1184 0 1184 0
w 0 1136 0 1184 0
w 0 928 0 1120 0
w 0 1120 0 1136 0
w 48 960 48 1136 0
w 96 992 96 1136 0
w 144 1024 144 1136 0
150 -320 1568 -224 1568 0 3 0 5
150 -320 1312 -224 1312 0 3 0 5
w -528 1568 -448 1568 0
w -464 1552 -448 1552 0
I -448 1328 -320 1328 0 0.5 5
w -528 1312 -528 1568 0
w -592 1584 -448 1584 0
w -592 1328 -592 1584 0
w -464 1488 -464 1552 0
w -352 1600 -352 1616 0
150 -192 1600 -80 1600 0 2 0 5
w -224 1568 -192 1568 0
w -192 1568 -192 1584 0
w -352 1616 -192 1616 0
w -592 1328 -448 1328 0
w -592 1136 -592 1328 0
w -528 1056 -528 1312 0
w -464 1296 -464 1488 0
w -464 1296 -448 1296 0
w -352 1360 -192 1360 0
w -352 1520 -352 1600 0
w -352 1360 -352 1520 0
w -352 1120 -352 1360 0
w -192 1312 -192 1328 0
w -224 1312 -192 1312 0
150 -192 1344 -80 1344 0 2 0 5
w -464 1056 -448 1056 0
w -464 1296 -464 1040 0
w -592 1136 -592 1072 0
w -352 1120 -352 1104 0
w -80 1344 -48 1344 0
w -80 1616 -80 1600 0
I -448 1312 -320 1312 0 0.5 5
w -448 1296 -320 1296 0
w -448 1312 -528 1312 0
w -448 1552 -320 1552 0
I -448 1568 -320 1568 0 0.5 5
w -448 1584 -320 1584 0
w -448 2096 -320 2096 0
w -448 2064 -320 2064 0
w -448 1824 -528 1824 0
w -448 1808 -320 1808 0
w -464 1808 -464 1552 0
150 -192 1856 -80 1856 0 2 0 5
w -224 1824 -192 1824 0
w -192 1824 -192 1840 0
w -352 1632 -352 1872 0
w -352 1872 -352 2032 0
w -352 2032 -352 2112 0
w -352 1872 -192 1872 0
w -464 1808 -448 1808 0
w -464 1808 -464 2000 0
w -528 1568 -528 1824 0
w -592 1648 -592 1840 0
w -592 1840 -448 1840 0
w -352 2128 -192 2128 0
w -192 2080 -192 2096 0
w -224 2080 -192 2080 0
150 -192 2112 -80 2112 0 2 0 5
w -352 2112 -352 2128 0
w -464 2000 -464 2064 0
w -592 1840 -592 2096 0
w -592 2096 -448 2096 0
w -528 1824 -528 2080 0
I -448 1840 -320 1840 0 0.5 5
w -464 2064 -448 2064 0
w -528 2080 -448 2080 0
150 -320 1824 -224 1824 0 3 0 5
150 -320 2080 -224 2080 0 3 0 5
w -352 1632 -352 1616 0
w -592 1648 -592 1584 0
w -448 1824 -320 1824 0
w -448 2080 -320 2080 0
. registre3 1 5 7 10 e0 2 6 2 e1 3 5 2 e2 4 4 2 e3 5 3 2 oe 1 1 2 s0 17 4 3 s1 15 3 3 s2 13 2 3 s3 11 1 3 we 10 0 2 LatchElm\s2\s3\s4\s5\s6\s7\s8\s9\s10\rTriStateElm\s9\s11\s1\rTriStateElm\s8\s13\s1\rTriStateElm\s7\s15\s1\rTriStateElm\s6\s17\s1 2\\s4\\s0\\s0\\s0\\s0\s0\\s0.1\\s10000000000\\s100000000\s0\\s0.1\\s10000000000\\s100000000\s0\\s0.1\\s10000000000\\s100000000\s0\\s0.1\\s10000000000\\s100000000
410 240 64 304 64 1 registre3 2\s4\s0\s0\s0\s0 0\s0.1\s10000000000\s100000000 0\s0.1\s10000000000\s100000000 0\s0.1\s10000000000\s100000000 0\s0.1\s10000000000\s100000000
410 240 320 304 320 1 registre3 2\s4\s0\s0\s0\s0 0\s0.1\s10000000000\s100000000 0\s0.1\s10000000000\s100000000 0\s0.1\s10000000000\s100000000 0\s0.1\s10000000000\s100000000
w -48 64 240 64 0
w -896 176 -800 176 0
w -800 176 -720 176 0
w -720 176 -688 176 0
w -688 176 -672 176 0
w -672 176 -656 176 0
w -656 176 -640 176 0
w -640 176 -224 176 0
w -208 64 -208 144 0
w -224 176 -144 176 0
150 -144 160 -32 160 0 2 0 5
w -208 144 -144 144 0
w -32 160 -32 128 0
w -32 128 -32 96 0
w -32 96 240 96 0
w -224 640 -160 640 0
150 -160 656 -48 656 0 2 0 5
w -240 672 -160 672 0
w -224 560 -224 640 0
w -224 880 -160 880 0
150 -160 896 -48 896 0 2 0 5
w -240 912 -160 912 0
w -224 800 -224 880 0
w -224 1136 -160 1136 0
150 -160 1152 -48 1152 0 2 0 5
w -240 1168 -160 1168 0
w -224 1056 -224 1136 0
w -224 1392 -160 1392 0
150 -160 1408 -48 1408 0 2 0 5
w -240 1424 -160 1424 0
w -224 1312 -224 1392 0
w -224 1648 -160 1648 0
150 -160 1664 -48 1664 0 2 0 5
w -240 1680 -160 1680 0
w -224 1568 -224 1648 0
w -224 1904 -160 1904 0
150 -160 1920 -48 1920 0 2 0 5
w -240 1936 -160 1936 0
w -224 1824 -224 1904 0
w -224 2160 -160 2160 0
150 -160 2176 -48 2176 0 2 0 5
w -240 2192 -160 2192 0
w -224 2080 -224 2160 0
w -80 592 -80 320 0
w -80 320 240 320 0
w -48 640 -48 352 0
w -48 352 240 352 0
w -240 672 -704 672 0
w -704 672 -720 672 0
w -720 672 -720 176 0
w -48 656 -48 640 0
410 240 576 304 576 1 registre3 2\s4\s0\s0\s0\s0 0\s0.1\s10000000000\s100000000 0\s0.1\s10000000000\s100000000 0\s0.1\s10000000000\s100000000 0\s0.1\s10000000000\s100000000
x -1051 146 -899 149 4 24 Output-enable
w -48 896 -48 688 0
w -48 688 32 688 0
w 32 688 32 608 0
w 32 608 240 608 0
w -32 832 -32 576 0
w -32 576 240 576 0
w -720 768 -720 912 0
w -672 912 -240 912 0
w 0 1952 0 2304 0
w 48 1984 48 2304 0
w 96 2016 96 2304 0
w 144 2048 144 2304 0
410 240 832 304 832 1 registre3 2\s4\s0\s0\s0\s0 0\s0.1\s10000000000\s100000000 0\s0.1\s10000000000\s100000000 0\s0.1\s10000000000\s100000000 0\s0.1\s10000000000\s100000000
w 160 1088 160 832 0
w 160 832 240 832 0
w 240 864 192 864 0
w 192 864 192 1152 0
w 192 1152 -48 1152 0
w -240 1168 -672 1168 0
w -720 768 -720 672 0
w -672 912 -720 912 0
w -672 1168 -720 1168 0
w -720 1168 -720 912 0
w -240 1424 -720 1424 0
w -720 1424 -720 1168 0
w -48 1408 -32 1408 0
410 240 1088 304 1088 1 registre3 2\s4\s0\s0\s0\s0 0\s0.1\s10000000000\s100000000 0\s0.1\s10000000000\s100000000 0\s0.1\s10000000000\s100000000 0\s0.1\s10000000000\s100000000
w 176 1344 176 1088 0
w 176 1088 240 1088 0
w 240 1120 224 1120 0
w 224 1120 224 1408 0
w 224 1408 -32 1408 0
410 240 1344 304 1344 1 registre3 2\s4\s0\s0\s0\s0 0\s0.1\s10000000000\s100000000 0\s0.1\s10000000000\s100000000 0\s0.1\s10000000000\s100000000 0\s0.1\s10000000000\s100000000
w 240 1344 208 1344 0
w 208 1344 208 1616 0
w 192 1376 192 1664 0
w 192 1664 -48 1664 0
410 240 1600 304 1600 1 registre3 2\s4\s0\s0\s0\s0 0\s0.1\s10000000000\s100000000 0\s0.1\s10000000000\s100000000 0\s0.1\s10000000000\s100000000 0\s0.1\s10000000000\s100000000
w 192 1376 240 1376 0
w 240 1600 224 1600 0
w 224 1600 224 1840 0
w 224 1840 224 1856 0
w 240 1632 240 1904 0
w 240 1904 240 1920 0
w 240 1920 -48 1920 0
410 240 1856 304 1856 1 registre3 2\s4\s0\s0\s0\s0 0\s0.1\s10000000000\s100000000 0\s0.1\s10000000000\s100000000 0\s0.1\s10000000000\s100000000 0\s0.1\s10000000000\s100000000
w 240 1856 240 1872 0
w 240 1872 160 1872 0
w 160 1872 160 2112 0
w 240 1888 176 1888 0
w 176 1888 176 2000 0
w 176 2000 176 2176 0
w 176 2176 -48 2176 0
w -240 2192 -592 2192 0
w -592 2192 -720 2192 0
w -720 1424 -720 1680 0
w -720 1680 -720 1936 0
w -720 1936 -240 1936 0
w -720 1680 -240 1680 0
w -720 2192 -720 1936 0
w 0 2464 688 2464 0
w 48 2416 640 2416 0
w 96 2352 96 2368 0
w 96 2368 592 2368 0
w 144 2304 144 2320 0
w 144 2320 544 2320 0
w 688 1888 432 1888 0
w 544 1984 544 1728 0
w 544 1728 432 1728 0
w 592 1952 592 1696 0
w 592 1696 432 1696 0
w 640 1920 640 1664 0
w 640 1664 432 1664 0
w 688 1888 688 1632 0
w 688 1632 432 1632 0
w 688 1376 432 1376 0
w 688 1632 688 1376 0
w 640 1408 432 1408 0
w 640 1664 640 1408 0
w 592 1440 432 1440 0
w 592 1696 592 1440 0
w 544 1472 432 1472 0
w 544 1728 544 1472 0
w 544 1472 544 1216 0
w 544 1216 432 1216 0
w 592 1440 592 1184 0
w 592 1184 432 1184 0
w 640 1408 640 1152 0
w 640 1152 432 1152 0
w 688 1376 688 1120 0
w 688 1120 432 1120 0
w 544 1216 544 960 0
w 544 960 432 960 0
w 592 1184 592 928 0
w 592 928 432 928 0
w 640 1152 640 896 0
w 640 896 432 896 0
w 688 1120 688 864 0
w 688 864 432 864 0
w 544 960 544 704 0
w 544 704 432 704 0
w 592 928 592 672 0
w 592 672 432 672 0
w 640 896 640 640 0
w 640 640 432 640 0
w 688 864 688 608 0
w 688 608 432 608 0
w 544 704 544 448 0
w 544 448 432 448 0
w 592 672 592 416 0
w 592 416 432 416 0
w 640 640 640 384 0
w 640 384 432 384 0
w 688 608 688 352 0
w 688 352 432 352 0
w 544 448 544 192 0
w 544 192 432 192 0
w 592 416 592 160 0
w 592 160 432 160 0
w 640 384 640 128 0
w 640 128 432 128 0
w 688 352 688 96 0
w 688 96 432 96 0
w 688 1376 928 1376 0
419 1552 1040 1648 1040 0 4
w 640 1408 928 1408 0
w 592 1440 928 1440 0
w 544 1472 928 1472 0
x -754 -124 -310 -121 4 200 RAM
w 0 2464 0 2304 0
w 48 2416 48 2304 0
w 96 2352 96 2304 0
180 0 -176 0 -32 1 0.1 10000000000 100000000
180 48 -176 48 -32 1 0.1 10000000000 100000000
180 96 -176 96 -32 1 0.1 10000000000 100000000
180 144 -176 144 -32 1 0.1 10000000000 100000000
w -848 336 -848 -48 0
w -848 -48 16 -48 0
w 16 -48 16 -112 0
w 16 -48 64 -48 0
w 64 -48 64 -112 0
w 64 -48 112 -48 0
w 112 -48 112 -112 0
w 112 -48 160 -48 0
w 160 -48 160 -112 0
w 544 1984 544 2320 0
w 592 1952 592 2368 0
w 640 1920 640 2416 0
w 688 2464 688 1888 0
180 928 1376 1088 1376 1 0.1 10000000000 100000000
180 928 1408 1088 1408 0 0.1 10000000000 100000000
180 928 1440 1088 1440 0 0.1 10000000000 100000000
180 928 1472 1088 1472 0 0.1 10000000000 100000000
w -848 -48 -848 -448 0
w -848 -448 1024 -448 0
w 1024 -448 1024 672 0
w -800 336 -800 -416 0
w -800 -416 400 -416 0
w 400 -416 992 -416 0
w 992 -416 992 672 0
w 1008 768 1008 960 0
153 1008 672 1008 768 0 2 5 5
w 1008 960 1008 1280 0
w 1008 1280 1008 1360 0
w 1008 1360 1008 1424 0
w 1008 1424 1008 1456 0
w 432 1920 640 1920 0
w 432 1952 592 1952 0
w 432 1984 544 1984 0
w 1008 1456 1008 1488 0
w 240 160 0 160 0
207 -864 480 -960 480 4 a2
207 -848 336 -960 336 4 we
207 -864 544 -960 544 4 a1
207 -864 608 -960 608 4 a0
207 -896 176 -960 176 4 oe
x -1053 455 -965 458 4 24 Adresse
207 0 -176 0 -256 4 e3
207 48 -176 48 -256 4 e2
207 96 -176 96 -256 4 e1
207 144 -176 144 -256 4 e0
x 34 -299 116 -296 4 24 Entrées
207 1088 1376 1136 1376 4 s3
207 1088 1408 1136 1408 4 s2
207 1088 1440 1136 1440 4 s1
207 1088 1472 1136 1472 4 s0
b -1086 -490 1171 2514 0
. RAM 1 5 12 13 a0 8 5 2 a1 7 4 2 a2 6 3 2 e0 120 11 2 e1 118 10 2 e2 116 9 2 e3 114 8 2 oe 55 1 2 s0 129 11 3 s1 127 10 3 s2 125 9 3 s3 122 8 3 we 9 0 2 AndGateElm\s9\s12\s10\rInverterElm\s6\s13\rAndGateElm\s9\s14\s11\rAndGateElm\s9\s15\s16\rAndGateElm\s9\s17\s5\rAndGateElm\s8\s18\s19\s15\rInverterElm\s6\s19\rInverterElm\s7\s18\rInverterElm\s8\s20\rInverterElm\s6\s21\rAndGateElm\s22\s23\s24\s17\rInverterElm\s6\s24\rInverterElm\s7\s23\rInverterElm\s8\s22\rAndGateElm\s20\s7\s13\s12\rAndGateElm\s8\s7\s21\s14\rAndGateElm\s8\s29\s6\s30\rAndGateElm\s31\s32\s6\s33\rInverterElm\s8\s31\rAndGateElm\s9\s30\s25\rAndGateElm\s9\s33\s28\rInverterElm\s7\s32\rInverterElm\s7\s29\rAndGateElm\s9\s34\s27\rAndGateElm\s9\s35\s26\rInverterElm\s8\s36\rAndGateElm\s36\s7\s6\s34\rAndGateElm\s8\s7\s6\s35\rCustomCompositeElm\s4\s3\s2\s1\s37\s4\s3\s2\s1\s5\rCustomCompositeElm\s4\s3\s2\s1\s46\s4\s3\s2\s1\s16\rAndGateElm\s55\s17\s37\rAndGateElm\s55\s15\s46\rAndGateElm\s55\s12\s56\rAndGateElm\s55\s14\s57\rAndGateElm\s55\s33\s58\rAndGateElm\s55\s30\s59\rAndGateElm\s55\s34\s60\rAndGateElm\s55\s35\s61\rCustomCompositeElm\s4\s3\s2\s1\s56\s4\s3\s2\s1\s10\rCustomCompositeElm\s4\s3\s2\s1\s57\s4\s3\s2\s1\s11\rCustomCompositeElm\s4\s3\s2\s1\s58\s4\s3\s2\s1\s28\rCustomCompositeElm\s4\s3\s2\s1\s59\s4\s3\s2\s1\s25\rCustomCompositeElm\s4\s3\s2\s1\s60\s4\s3\s2\s1\s27\rCustomCompositeElm\s4\s3\s2\s1\s61\s4\s3\s2\s1\s26\rTriStateElm\s114\s1\s9\rTriStateElm\s116\s2\s9\rTriStateElm\s118\s3\s9\rTriStateElm\s120\s4\s9\rTriStateElm\s1\s122\s123\rTriStateElm\s2\s125\s123\rTriStateElm\s3\s127\s123\rTriStateElm\s4\s129\s123\rNorGateElm\s9\s9\s123 0\\s2\\s0\\s5\s0\\s0.5\\s5\s0\\s2\\s0\\s5\s0\\s2\\s0\\s5\s0\\s2\\s0\\s5\s0\\s3\\s0\\s5\s0\\s0.5\\s5\s0\\s0.5\\s5\s0\\s0.5\\s5\s0\\s0.5\\s5\s0\\s3\\s5\\s5\s0\\s0.5\\s5\s0\\s0.5\\s5\s0\\s0.5\\s5\s0\\s3\\s0\\s5\s0\\s3\\s0\\s5\s0\\s3\\s0\\s5\s0\\s3\\s0\\s5\s0\\s0.5\\s5\s0\\s2\\s0\\s5\s0\\s2\\s0\\s5\s0\\s0.5\\s5\s0\\s0.5\\s5\s0\\s2\\s0\\s5\s0\\s2\\s0\\s5\s0\\s0.5\\s5\s0\\s3\\s0\\s5\s0\\s3\\s0\\s5\s1\\sregistre3\\s2\\\\s4\\\\s0\\\\s0\\\\s0\\\\s0\\s0\\\\s0.1\\\\s10000000000\\\\s100000000\\s0\\\\s0.1\\\\s10000000000\\\\s100000000\\s0\\\\s0.1\\\\s10000000000\\\\s100000000\\s0\\\\s0.1\\\\s10000000000\\\\s100000000\s1\\sregistre3\\s2\\\\s4\\\\s0\\\\s0\\\\s0\\\\s0\\s0\\\\s0.1\\\\s10000000000\\\\s100000000\\s0\\\\s0.1\\\\s10000000000\\\\s100000000\\s0\\\\s0.1\\\\s10000000000\\\\s100000000\\s0\\\\s0.1\\\\s10000000000\\\\s100000000\s0\\s2\\s0\\s5\s0\\s2\\s0\\s5\s0\\s2\\s0\\s5\s0\\s2\\s0\\s5\s0\\s2\\s0\\s5\s0\\s2\\s0\\s5\s0\\s2\\s0\\s5\s0\\s2\\s0\\s5\s1\\sregistre3\\s2\\\\s4\\\\s0\\\\s0\\\\s0\\\\s0\\s0\\\\s0.1\\\\s10000000000\\\\s100000000\\s0\\\\s0.1\\\\s10000000000\\\\s100000000\\s0\\\\s0.1\\\\s10000000000\\\\s100000000\\s0\\\\s0.1\\\\s10000000000\\\\s100000000\s1\\sregistre3\\s2\\\\s4\\\\s0\\\\s0\\\\s0\\\\s0\\s0\\\\s0.1\\\\s10000000000\\\\s100000000\\s0\\\\s0.1\\\\s10000000000\\\\s100000000\\s0\\\\s0.1\\\\s10000000000\\\\s100000000\\s0\\\\s0.1\\\\s10000000000\\\\s100000000\s1\\sregistre3\\s2\\\\s4\\\\s0\\\\s0\\\\s0\\\\s0\\s0\\\\s0.1\\\\s10000000000\\\\s100000000\\s0\\\\s0.1\\\\s10000000000\\\\s100000000\\s0\\\\s0.1\\\\s10000000000\\\\s100000000\\s0\\\\s0.1\\\\s10000000000\\\\s100000000\s1\\sregistre3\\s2\\\\s4\\\\s0\\\\s0\\\\s0\\\\s0\\s0\\\\s0.1\\\\s10000000000\\\\s100000000\\s0\\\\s0.1\\\\s10000000000\\\\s100000000\\s0\\\\s0.1\\\\s10000000000\\\\s100000000\\s0\\\\s0.1\\\\s10000000000\\\\s100000000\s1\\sregistre3\\s2\\\\s4\\\\s0\\\\s0\\\\s0\\\\s0\\s0\\\\s0.1\\\\s10000000000\\\\s100000000\\s0\\\\s0.1\\\\s10000000000\\\\s100000000\\s0\\\\s0.1\\\\s10000000000\\\\s100000000\\s0\\\\s0.1\\\\s10000000000\\\\s100000000\s1\\sregistre3\\s2\\\\s4\\\\s0\\\\s0\\\\s0\\\\s0\\s0\\\\s0.1\\\\s10000000000\\\\s100000000\\s0\\\\s0.1\\\\s10000000000\\\\s100000000\\s0\\\\s0.1\\\\s10000000000\\\\s100000000\\s0\\\\s0.1\\\\s10000000000\\\\s100000000\s1\\s0.1\\s10000000000\\s100000000\s1\\s0.1\\s10000000000\\s100000000\s1\\s0.1\\s10000000000\\s100000000\s1\\s0.1\\s10000000000\\s100000000\s1\\s0.1\\s10000000000\\s100000000\s0\\s0.1\\s10000000000\\s100000000\s0\\s0.1\\s10000000000\\s100000000\s0\\s0.1\\s10000000000\\s100000000\s0\\s2\\s5\\s5
410 1360 784 1456 784 1 RAM 0\s2\s0\s5 0\s0.5\s5 0\s2\s0\s5 0\s2\s0\s5 0\s2\s0\s5 0\s3\s0\s5 0\s0.5\s5 0\s0.5\s5 0\s0.5\s5 0\s0.5\s5 0\s3\s5\s5 0\s0.5\s5 0\s0.5\s5 0\s0.5\s5 0\s3\s0\s5 0\s3\s0\s5 0\s3\s0\s5 0\s3\s0\s5 0\s0.5\s5 0\s2\s0\s5 0\s2\s0\s5 0\s0.5\s5 0\s0.5\s5 0\s2\s0\s5 0\s2\s0\s5 0\s0.5\s5 0\s3\s0\s5 0\s3\s0\s5 1\sregistre3\s2\\s4\\s0\\s0\\s0\\s0\s0\\s0.1\\s10000000000\\s100000000\s0\\s0.1\\s10000000000\\s100000000\s0\\s0.1\\s10000000000\\s100000000\s0\\s0.1\\s10000000000\\s100000000 1\sregistre3\s2\\s4\\s0\\s0\\s0\\s0\s0\\s0.1\\s10000000000\\s100000000\s0\\s0.1\\s10000000000\\s100000000\s0\\s0.1\\s10000000000\\s100000000\s0\\s0.1\\s10000000000\\s100000000 0\s2\s0\s5 0\s2\s0\s5 0\s2\s0\s5 0\s2\s0\s5 0\s2\s0\s5 0\s2\s0\s5 0\s2\s0\s5 0\s2\s0\s5 1\sregistre3\s2\\s4\\s0\\s0\\s0\\s0\s0\\s0.1\\s10000000000\\s100000000\s0\\s0.1\\s10000000000\\s100000000\s0\\s0.1\\s10000000000\\s100000000\s0\\s0.1\\s10000000000\\s100000000 1\sregistre3\s2\\s4\\s0\\s0\\s0\\s0\s0\\s0.1\\s10000000000\\s100000000\s0\\s0.1\\s10000000000\\s100000000\s0\\s0.1\\s10000000000\\s100000000\s0\\s0.1\\s10000000000\\s100000000 1\sregistre3\s2\\s4\\s0\\s0\\s0\\s0\s0\\s0.1\\s10000000000\\s100000000\s0\\s0.1\\s10000000000\\s100000000\s0\\s0.1\\s10000000000\\s100000000\s0\\s0.1\\s10000000000\\s100000000 1\sregistre3\s2\\s4\\s0\\s0\\s0\\s0\s0\\s0.1\\s10000000000\\s100000000\s0\\s0.1\\s10000000000\\s100000000\s0\\s0.1\\s10000000000\\s100000000\s0\\s0.1\\s10000000000\\s100000000 1\sregistre3\s2\\s4\\s0\\s0\\s0\\s0\s0\\s0.1\\s10000000000\\s100000000\s0\\s0.1\\s10000000000\\s100000000\s0\\s0.1\\s10000000000\\s100000000\s0\\s0.1\\s10000000000\\s100000000 1\sregistre3\s2\\s4\\s0\\s0\\s0\\s0\s0\\s0.1\\s10000000000\\s100000000\s0\\s0.1\\s10000000000\\s100000000\s0\\s0.1\\s10000000000\\s100000000\s0\\s0.1\\s10000000000\\s100000000 1\s0.1\s10000000000\s100000000 1\s0.1\s10000000000\s100000000 1\s0.1\s10000000000\s100000000 1\s0.1\s10000000000\s100000000 1\s0.1\s10000000000\s100000000 0\s0.1\s10000000000\s100000000 0\s0.1\s10000000000\s100000000 0\s0.1\s10000000000\s100000000 0\s2\s5\s5
L 1360 784 1312 784 2 0 false 5 0
L 1360 816 1312 816 2 0 false 5 0
L 1360 880 1312 880 2 0 false 5 0
L 1360 912 1312 912 2 0 false 5 0
L 1360 944 1312 944 2 0 false 5 0
L 1360 1040 1312 1040 2 0 false 5 0
L 1360 1072 1312 1072 2 0 false 5 0
L 1360 1104 1312 1104 2 0 false 5 0
L 1360 1136 1312 1136 2 0 false 5 0
